ENSGMOG00000002534	332
ENSGMOG00000002780	589
ENSGMOG00000002799	0
ENSGMOG00000002820	46
ENSGMOG00000002838	957
ENSGMOG00000002848	349
ENSGMOG00000002858	205
ENSGMOG00000002885	1340
ENSGMOG00000002906	3
ENSGMOG00000003254	231
ENSGMOG00000020737	1
ENSGMOG00000003271	55
ENSGMOG00000003294	20284
ENSGMOG00000003308	1939
ENSGMOG00000003346	7
ENSGMOG00000003356	1356
ENSGMOG00000003382	15419
ENSGMOG00000020188	69
ENSGMOG00000003406	1031
ENSGMOG00000003429	839
ENSGMOG00000003455	8
ENSGMOG00000020189	1
ENSGMOG00000003497	37
ENSGMOG00000003507	38
ENSGMOG00000003523	34
ENSGMOG00000003530	511
ENSGMOG00000003670	257
ENSGMOG00000003683	3023
ENSGMOG00000003714	97
ENSGMOG00000003732	0
ENSGMOG00000003756	2575
ENSGMOG00000003844	53
ENSGMOG00000003917	335
ENSGMOG00000003948	2728
ENSGMOG00000004001	85
ENSGMOG00000004050	717
ENSGMOG00000004066	152
ENSGMOG00000004095	759
ENSGMOG00000004118	6
ENSGMOG00000004160	76
ENSGMOG00000004229	760
ENSGMOG00000020190	0
ENSGMOG00000004238	427
ENSGMOG00000004290	100
ENSGMOG00000004299	11
ENSGMOG00000004361	5782
ENSGMOG00000004405	0
ENSGMOG00000004419	1
ENSGMOG00000004438	5
ENSGMOG00000004449	0
ENSGMOG00000004455	3380
ENSGMOG00000004496	1554
ENSGMOG00000004513	671
ENSGMOG00000004557	30
ENSGMOG00000004579	7
ENSGMOG00000004806	1
ENSGMOG00000004827	284
ENSGMOG00000004853	249
ENSGMOG00000004892	176
ENSGMOG00000004907	165
ENSGMOG00000004949	1277
ENSGMOG00000004974	11
ENSGMOG00000004989	0
ENSGMOG00000005030	53
ENSGMOG00000005082	34
ENSGMOG00000005087	2
ENSGMOG00000005111	478
ENSGMOG00000005121	4101
ENSGMOG00000005145	1244
ENSGMOG00000005183	244
ENSGMOG00000005212	3768
ENSGMOG00000005225	2861
ENSGMOG00000005238	49
ENSGMOG00000005253	302
ENSGMOG00000005283	230
ENSGMOG00000005306	1126
ENSGMOG00000005338	36
ENSGMOG00000005366	939
ENSGMOG00000005419	0
ENSGMOG00000005434	2196
ENSGMOG00000020191	1301
ENSGMOG00000005450	1207
ENSGMOG00000005532	0
ENSGMOG00000005560	0
ENSGMOG00000005579	0
ENSGMOG00000005594	2578
ENSGMOG00000005602	9904
ENSGMOG00000005643	822
ENSGMOG00000005658	0
ENSGMOG00000005668	386
ENSGMOG00000005691	0
ENSGMOG00000005701	831
ENSGMOG00000005722	858
ENSGMOG00000005751	3194
ENSGMOG00000005823	1
ENSGMOG00000005836	105
ENSGMOG00000005875	1984
ENSGMOG00000005895	1618
ENSGMOG00000020192	21
ENSGMOG00000005939	594
ENSGMOG00000005960	136
ENSGMOG00000006000	3
ENSGMOG00000006012	102
ENSGMOG00000006030	1907
ENSGMOG00000006039	78
ENSGMOG00000006052	0
ENSGMOG00000006056	750
ENSGMOG00000006065	0
ENSGMOG00000006089	2775
ENSGMOG00000020193	33
ENSGMOG00000006110	101
ENSGMOG00000006134	281
ENSGMOG00000006151	14
ENSGMOG00000006166	490
ENSGMOG00000006173	5037
ENSGMOG00000021891	0
ENSGMOG00000006212	934
ENSGMOG00000006286	289
ENSGMOG00000006320	59
ENSGMOG00000006349	107
ENSGMOG00000006358	1491
ENSGMOG00000006377	524
ENSGMOG00000006389	178
ENSGMOG00000020194	32
ENSGMOG00000006398	1
ENSGMOG00000006445	0
ENSGMOG00000006455	0
ENSGMOG00000021301	0
ENSGMOG00000006477	0
ENSGMOG00000006482	15
ENSGMOG00000006498	4
ENSGMOG00000006508	2
ENSGMOG00000020195	0
ENSGMOG00000020196	0
ENSGMOG00000006517	326
ENSGMOG00000006528	0
ENSGMOG00000006535	163
ENSGMOG00000006558	12051
ENSGMOG00000006566	918
ENSGMOG00000006586	216
ENSGMOG00000006623	36
ENSGMOG00000006630	3
ENSGMOG00000006638	1521
ENSGMOG00000006646	10
ENSGMOG00000006654	373
ENSGMOG00000006670	1079
ENSGMOG00000006684	4
ENSGMOG00000006688	7
ENSGMOG00000006710	0
ENSGMOG00000006720	3113
ENSGMOG00000006742	1820
ENSGMOG00000006755	640
ENSGMOG00000006761	5023
ENSGMOG00000006782	1950
ENSGMOG00000006799	720
ENSGMOG00000006817	1529
ENSGMOG00000006827	970
ENSGMOG00000006840	1158
ENSGMOG00000006863	0
ENSGMOG00000006871	14
ENSGMOG00000006883	78
ENSGMOG00000006912	4499
ENSGMOG00000006931	1479
ENSGMOG00000006946	40
ENSGMOG00000006954	33
ENSGMOG00000006958	470
ENSGMOG00000006967	2
ENSGMOG00000006974	13321
ENSGMOG00000006987	5
ENSGMOG00000006992	0
ENSGMOG00000007000	4632
ENSGMOG00000007035	82
ENSGMOG00000007044	1597
ENSGMOG00000007050	531
ENSGMOG00000005536	221
ENSGMOG00000005565	1240
ENSGMOG00000005590	1257
ENSGMOG00000005625	374
ENSGMOG00000005633	36
ENSGMOG00000005648	1
ENSGMOG00000005652	1704
ENSGMOG00000005676	181
ENSGMOG00000005698	92
ENSGMOG00000005753	1559
ENSGMOG00000005773	764
ENSGMOG00000005794	3388
ENSGMOG00000005808	613
ENSGMOG00000005838	2
ENSGMOG00000005866	244
ENSGMOG00000005931	6
ENSGMOG00000005989	0
ENSGMOG00000005992	136
ENSGMOG00000006011	3
ENSGMOG00000006023	250
ENSGMOG00000006041	2366
ENSGMOG00000006066	921
ENSGMOG00000006097	1690
ENSGMOG00000006108	0
ENSGMOG00000006125	0
ENSGMOG00000006140	0
ENSGMOG00000006155	327
ENSGMOG00000006181	1
ENSGMOG00000006190	2
ENSGMOG00000006241	748
ENSGMOG00000006322	113
ENSGMOG00000006338	48
ENSGMOG00000006344	1199
ENSGMOG00000006403	372
ENSGMOG00000006419	1397
ENSGMOG00000006429	93
ENSGMOG00000006458	693
ENSGMOG00000006474	0
ENSGMOG00000006494	27
ENSGMOG00000006502	0
ENSGMOG00000006511	1
ENSGMOG00000006521	1628
ENSGMOG00000006539	0
ENSGMOG00000006545	6698
ENSGMOG00000006599	1
ENSGMOG00000006609	11
ENSGMOG00000006616	13
ENSGMOG00000006625	398
ENSGMOG00000006631	31
ENSGMOG00000006649	20
ENSGMOG00000006663	56
ENSGMOG00000006668	314
ENSGMOG00000006724	154
ENSGMOG00000006758	295
ENSGMOG00000006772	378
ENSGMOG00000006774	25
ENSGMOG00000006780	64
ENSGMOG00000006787	18
ENSGMOG00000006790	378
ENSGMOG00000006832	641
ENSGMOG00000007041	121
ENSGMOG00000007051	154
ENSGMOG00000007067	15
ENSGMOG00000007079	551
ENSGMOG00000007147	1322
ENSGMOG00000007217	1
ENSGMOG00000007132	146
ENSGMOG00000007143	6
ENSGMOG00000007164	0
ENSGMOG00000007175	0
ENSGMOG00000007184	0
ENSGMOG00000007187	48
ENSGMOG00000007195	563
ENSGMOG00000007199	59309
ENSGMOG00000007205	99
ENSGMOG00000007220	1059
ENSGMOG00000007223	581
ENSGMOG00000007225	102
ENSGMOG00000007234	32
ENSGMOG00000007261	3551
ENSGMOG00000007291	38
ENSGMOG00000007296	34
ENSGMOG00000007304	1001
ENSGMOG00000007312	1273
ENSGMOG00000007318	235
ENSGMOG00000007327	103
ENSGMOG00000007329	149
ENSGMOG00000007336	1682
ENSGMOG00000007377	4164
ENSGMOG00000007396	223
ENSGMOG00000007400	114
ENSGMOG00000007412	1343
ENSGMOG00000007433	5031
ENSGMOG00000007443	3530
ENSGMOG00000007451	14
ENSGMOG00000007453	108
ENSGMOG00000007461	2350
ENSGMOG00000007472	89
ENSGMOG00000007485	60
ENSGMOG00000007497	315
ENSGMOG00000007507	24321
ENSGMOG00000007512	507
ENSGMOG00000007517	4
ENSGMOG00000007528	2542
ENSGMOG00000007531	347
ENSGMOG00000007538	91
ENSGMOG00000007548	1
ENSGMOG00000007554	6526
ENSGMOG00000007559	13
ENSGMOG00000007566	9
ENSGMOG00000007576	60
ENSGMOG00000007594	0
ENSGMOG00000007597	0
ENSGMOG00000007601	202
ENSGMOG00000007617	71
ENSGMOG00000007621	15
ENSGMOG00000007628	565
ENSGMOG00000007641	93
ENSGMOG00000021556	1
ENSGMOG00000007646	20
ENSGMOG00000007651	5835
ENSGMOG00000007657	2046
ENSGMOG00000007663	8
ENSGMOG00000007667	297
ENSGMOG00000007677	243
ENSGMOG00000007680	334
ENSGMOG00000007689	1149
ENSGMOG00000007694	1743
ENSGMOG00000007702	26396
ENSGMOG00000007714	4
ENSGMOG00000007718	7
ENSGMOG00000007722	0
ENSGMOG00000007727	412
ENSGMOG00000007739	0
ENSGMOG00000007745	0
ENSGMOG00000007751	121
ENSGMOG00000007767	15
ENSGMOG00000007776	25
ENSGMOG00000020617	19
ENSGMOG00000007780	141
ENSGMOG00000007782	44
ENSGMOG00000007785	53
ENSGMOG00000007790	2358
ENSGMOG00000007807	476
ENSGMOG00000007813	0
ENSGMOG00000007818	594
ENSGMOG00000007822	857
ENSGMOG00000020344	1067
ENSGMOG00000007827	12
ENSGMOG00000007829	213
ENSGMOG00000007833	106
ENSGMOG00000007839	6
ENSGMOG00000007843	202
ENSGMOG00000007854	0
ENSGMOG00000007860	1157
ENSGMOG00000007871	413
ENSGMOG00000007878	228
ENSGMOG00000007885	1385
ENSGMOG00000007894	45
ENSGMOG00000012282	3331
ENSGMOG00000012286	63
ENSGMOG00000012289	66
ENSGMOG00000012292	1389
ENSGMOG00000012295	114
ENSGMOG00000020594	76
ENSGMOG00000012298	68
ENSGMOG00000012300	0
ENSGMOG00000012316	409
ENSGMOG00000012319	213
ENSGMOG00000012321	465
ENSGMOG00000012323	4505
ENSGMOG00000012334	1040
ENSGMOG00000012335	912
ENSGMOG00000012339	1
ENSGMOG00000012345	645
ENSGMOG00000012349	1294
ENSGMOG00000012351	1621
ENSGMOG00000012363	44
ENSGMOG00000012366	1187
ENSGMOG00000012371	1180
ENSGMOG00000012374	3305
ENSGMOG00000012378	4
ENSGMOG00000012382	432
ENSGMOG00000012383	5565
ENSGMOG00000012390	15
ENSGMOG00000012401	583
ENSGMOG00000012404	15
ENSGMOG00000012405	185
ENSGMOG00000012409	645
ENSGMOG00000012417	7
ENSGMOG00000012423	0
ENSGMOG00000012426	630
ENSGMOG00000012440	76
ENSGMOG00000012442	0
ENSGMOG00000012445	55
ENSGMOG00000012452	1272
ENSGMOG00000012456	241
ENSGMOG00000012461	1719
ENSGMOG00000012463	866
ENSGMOG00000012465	4121
ENSGMOG00000012467	75
ENSGMOG00000012470	1
ENSGMOG00000012471	3100
ENSGMOG00000012476	1522
ENSGMOG00000012479	7
ENSGMOG00000012482	3
ENSGMOG00000012485	6
ENSGMOG00000012487	14
ENSGMOG00000012489	1337
ENSGMOG00000012492	18779
ENSGMOG00000012494	1092
ENSGMOG00000012498	1061
ENSGMOG00000012500	4404
ENSGMOG00000012502	1746
ENSGMOG00000012507	5063
ENSGMOG00000012510	1
ENSGMOG00000012512	314
ENSGMOG00000012513	4701
ENSGMOG00000012514	2
ENSGMOG00000020725	0
ENSGMOG00000021692	15
ENSGMOG00000020595	24
ENSGMOG00000012516	1644
ENSGMOG00000012521	1671
ENSGMOG00000012522	1586
ENSGMOG00000012526	0
ENSGMOG00000012527	838
ENSGMOG00000012529	1020
ENSGMOG00000012530	3392
ENSGMOG00000012532	2388
ENSGMOG00000012534	493
ENSGMOG00000012537	271
ENSGMOG00000012538	824
ENSGMOG00000012540	400
ENSGMOG00000012541	0
ENSGMOG00000012542	120
ENSGMOG00000012546	8
ENSGMOG00000012549	1
ENSGMOG00000012550	0
ENSGMOG00000012553	11
ENSGMOG00000012555	50
ENSGMOG00000005485	886
ENSGMOG00000005505	149
ENSGMOG00000005518	13
ENSGMOG00000005533	1
ENSGMOG00000005556	21
ENSGMOG00000005572	279
ENSGMOG00000005582	53
ENSGMOG00000005595	1819
ENSGMOG00000005607	991
ENSGMOG00000005626	211
ENSGMOG00000005653	478
ENSGMOG00000005670	25
ENSGMOG00000005702	0
ENSGMOG00000005738	0
ENSGMOG00000005763	2844
ENSGMOG00000005793	2171
ENSGMOG00000005842	30137
ENSGMOG00000005855	15
ENSGMOG00000005888	91
ENSGMOG00000005919	1952
ENSGMOG00000005956	1708
ENSGMOG00000005974	587
ENSGMOG00000005990	408
ENSGMOG00000006002	697
ENSGMOG00000006053	0
ENSGMOG00000006061	9
ENSGMOG00000006071	130
ENSGMOG00000006078	1842
ENSGMOG00000006114	365
ENSGMOG00000006149	42
ENSGMOG00000006171	2854
ENSGMOG00000006210	174
ENSGMOG00000006238	2
ENSGMOG00000006249	150
ENSGMOG00000006267	758
ENSGMOG00000006293	513
ENSGMOG00000006308	3
ENSGMOG00000006321	1084
ENSGMOG00000006328	35
ENSGMOG00000006350	5
ENSGMOG00000006369	3
ENSGMOG00000006397	17
ENSGMOG00000006411	2825
ENSGMOG00000006428	0
ENSGMOG00000006439	345
ENSGMOG00000006452	1
ENSGMOG00000006465	267
ENSGMOG00000006472	139
ENSGMOG00000006481	387
ENSGMOG00000006525	257
ENSGMOG00000006562	57
ENSGMOG00000006574	13637
ENSGMOG00000006620	426
ENSGMOG00000020453	13
ENSGMOG00000006644	191
ENSGMOG00000006653	0
ENSGMOG00000006662	642
ENSGMOG00000006678	274
ENSGMOG00000006694	2
ENSGMOG00000006718	1
ENSGMOG00000006726	0
ENSGMOG00000006756	6
ENSGMOG00000006784	0
ENSGMOG00000006794	247
ENSGMOG00000006828	911
ENSGMOG00000006874	1796
ENSGMOG00000006952	4333
ENSGMOG00000007009	160
ENSGMOG00000001240	1
ENSGMOG00000001312	0
ENSGMOG00000019951	19
ENSGMOG00000001318	1
ENSGMOG00000001463	3
ENSGMOG00000001489	4905
ENSGMOG00000001525	0
ENSGMOG00000001551	0
ENSGMOG00000001576	5
ENSGMOG00000001631	2123
ENSGMOG00000001656	69
ENSGMOG00000001768	106
ENSGMOG00000001785	99
ENSGMOG00000001838	969
ENSGMOG00000001945	672
ENSGMOG00000001963	19
ENSGMOG00000022086	0
ENSGMOG00000019954	0
ENSGMOG00000001991	0
ENSGMOG00000019955	1
ENSGMOG00000002003	306
ENSGMOG00000002007	29
ENSGMOG00000002029	4
ENSGMOG00000002062	1587
ENSGMOG00000002080	1147
ENSGMOG00000002131	108
ENSGMOG00000002155	437
ENSGMOG00000002187	1370
ENSGMOG00000002225	126267
ENSGMOG00000002244	533
ENSGMOG00000002269	0
ENSGMOG00000002293	0
ENSGMOG00000002305	940
ENSGMOG00000002345	664
ENSGMOG00000002390	157
ENSGMOG00000002400	193
ENSGMOG00000002409	673
ENSGMOG00000002435	5397
ENSGMOG00000002510	229
ENSGMOG00000002524	907
ENSGMOG00000002535	70
ENSGMOG00000002545	14357
ENSGMOG00000002552	159
ENSGMOG00000002562	2182
ENSGMOG00000002587	30
ENSGMOG00000002593	19
ENSGMOG00000002677	273
ENSGMOG00000002709	579
ENSGMOG00000002739	0
ENSGMOG00000002743	260
ENSGMOG00000002826	2574
ENSGMOG00000002854	0
ENSGMOG00000002863	0
ENSGMOG00000002886	28
ENSGMOG00000002950	1290
ENSGMOG00000004976	463
ENSGMOG00000004983	0
ENSGMOG00000004992	197
ENSGMOG00000005009	630
ENSGMOG00000005048	2
ENSGMOG00000005068	0
ENSGMOG00000005073	0
ENSGMOG00000005099	200
ENSGMOG00000005129	953
ENSGMOG00000005155	2
ENSGMOG00000005168	2311
ENSGMOG00000005218	4
ENSGMOG00000005230	335
ENSGMOG00000005264	38
ENSGMOG00000005302	133
ENSGMOG00000005361	2
ENSGMOG00000005368	68
ENSGMOG00000005392	27
ENSGMOG00000005420	485
ENSGMOG00000005433	378
ENSGMOG00000005464	557
ENSGMOG00000005491	199
ENSGMOG00000005506	211
ENSGMOG00000005520	400
ENSGMOG00000005549	1805
ENSGMOG00000020848	1
ENSGMOG00000005620	133
ENSGMOG00000005655	304
ENSGMOG00000005713	100
ENSGMOG00000005791	31968
ENSGMOG00000005801	156
ENSGMOG00000005820	2778
ENSGMOG00000005841	0
ENSGMOG00000005853	392
ENSGMOG00000005882	860
ENSGMOG00000005898	0
ENSGMOG00000005913	141
ENSGMOG00000005935	13
ENSGMOG00000005948	377
ENSGMOG00000005959	367
ENSGMOG00000005965	244
ENSGMOG00000005969	1060
ENSGMOG00000006013	12
ENSGMOG00000006048	350
ENSGMOG00000006060	3373
ENSGMOG00000006081	746
ENSGMOG00000006104	2415
ENSGMOG00000006122	39
ENSGMOG00000006138	1240
ENSGMOG00000006188	663
ENSGMOG00000006198	1754
ENSGMOG00000006227	106
ENSGMOG00000006248	938
ENSGMOG00000006259	17463
ENSGMOG00000006287	60
ENSGMOG00000006300	3020
ENSGMOG00000006345	2598
ENSGMOG00000006362	1711
ENSGMOG00000006392	3180
ENSGMOG00000006415	92
ENSGMOG00000006420	34
ENSGMOG00000006430	8
ENSGMOG00000006464	2704
ENSGMOG00000006532	24
ENSGMOG00000006565	2336
ENSGMOG00000006581	166
ENSGMOG00000006598	0
ENSGMOG00000006604	473
ENSGMOG00000006633	2898
ENSGMOG00000006691	21
ENSGMOG00000006700	18
ENSGMOG00000006713	10
ENSGMOG00000006746	1495
ENSGMOG00000006767	617
ENSGMOG00000006776	518
ENSGMOG00000018328	3523
ENSGMOG00000018345	591
ENSGMOG00000018354	111
ENSGMOG00000020275	0
ENSGMOG00000018393	1
ENSGMOG00000018406	4
ENSGMOG00000018420	309
ENSGMOG00000018439	2
ENSGMOG00000018446	191
ENSGMOG00000018453	9
ENSGMOG00000018457	144
ENSGMOG00000018503	1745
ENSGMOG00000018552	536
ENSGMOG00000018560	838
ENSGMOG00000018578	642
ENSGMOG00000018597	5776
ENSGMOG00000018634	602
ENSGMOG00000018714	0
ENSGMOG00000018722	49
ENSGMOG00000018742	403
ENSGMOG00000018747	1201
ENSGMOG00000021744	22
ENSGMOG00000018781	5709
ENSGMOG00000018784	307
ENSGMOG00000018813	4099
ENSGMOG00000018831	418
ENSGMOG00000018844	2689
ENSGMOG00000018872	3775
ENSGMOG00000018884	14
ENSGMOG00000018898	0
ENSGMOG00000018909	616
ENSGMOG00000018929	321
ENSGMOG00000018936	41
ENSGMOG00000018944	1482
ENSGMOG00000018967	0
ENSGMOG00000018973	68
ENSGMOG00000018986	288
ENSGMOG00000019000	50
ENSGMOG00000019016	407
ENSGMOG00000019026	289
ENSGMOG00000010191	2654
ENSGMOG00000010222	246
ENSGMOG00000010271	250
ENSGMOG00000010275	118
ENSGMOG00000010291	312
ENSGMOG00000010299	371
ENSGMOG00000020538	24
ENSGMOG00000010314	373
ENSGMOG00000010359	3
ENSGMOG00000010380	4
ENSGMOG00000010401	15
ENSGMOG00000010432	3762
ENSGMOG00000010447	1
ENSGMOG00000010457	312
ENSGMOG00000010505	394
ENSGMOG00000010589	1267
ENSGMOG00000010595	3
ENSGMOG00000010603	2
ENSGMOG00000010613	123
ENSGMOG00000010653	270
ENSGMOG00000010661	437
ENSGMOG00000010666	395
ENSGMOG00000010703	775
ENSGMOG00000010720	1210
ENSGMOG00000010724	745
ENSGMOG00000010767	2216
ENSGMOG00000010784	311
ENSGMOG00000010791	56688
ENSGMOG00000021445	10
ENSGMOG00000010805	12
ENSGMOG00000021600	0
ENSGMOG00000010811	924
ENSGMOG00000010820	483
ENSGMOG00000010836	977
ENSGMOG00000010847	196
ENSGMOG00000010871	1482
ENSGMOG00000010893	1
ENSGMOG00000011026	126
ENSGMOG00000011034	417
ENSGMOG00000011040	3
ENSGMOG00000011053	839
ENSGMOG00000011090	1156
ENSGMOG00000011097	0
ENSGMOG00000011098	0
ENSGMOG00000011103	895
ENSGMOG00000011110	73
ENSGMOG00000011116	0
ENSGMOG00000020539	0
ENSGMOG00000011122	27
ENSGMOG00000011143	0
ENSGMOG00000020540	0
ENSGMOG00000011151	173
ENSGMOG00000011160	978
ENSGMOG00000011170	51
ENSGMOG00000011190	964
ENSGMOG00000011193	159
ENSGMOG00000011200	372
ENSGMOG00000011206	166
ENSGMOG00000011216	1251
ENSGMOG00000011237	1564
ENSGMOG00000011254	560
ENSGMOG00000007514	70
ENSGMOG00000007515	1072
ENSGMOG00000007522	1122
ENSGMOG00000007524	1099
ENSGMOG00000007526	2076
ENSGMOG00000007533	56
ENSGMOG00000007540	91
ENSGMOG00000007546	2
ENSGMOG00000007549	280
ENSGMOG00000007558	1331
ENSGMOG00000007564	1208
ENSGMOG00000007568	41
ENSGMOG00000007573	0
ENSGMOG00000007595	370
ENSGMOG00000007607	729
ENSGMOG00000007635	347
ENSGMOG00000007647	428
ENSGMOG00000007654	1
ENSGMOG00000007658	0
ENSGMOG00000007664	266
ENSGMOG00000007673	165
ENSGMOG00000007681	1314
ENSGMOG00000007691	440
ENSGMOG00000007699	1560
ENSGMOG00000007705	665
ENSGMOG00000007710	8
ENSGMOG00000007712	2338
ENSGMOG00000007717	1917
ENSGMOG00000007724	645
ENSGMOG00000007733	465
ENSGMOG00000007740	1275
ENSGMOG00000007753	6540
ENSGMOG00000007756	505
ENSGMOG00000007761	1
ENSGMOG00000007762	7
ENSGMOG00000007799	0
ENSGMOG00000007800	7345
ENSGMOG00000007805	208
ENSGMOG00000007810	881
ENSGMOG00000007821	477
ENSGMOG00000007825	3179
ENSGMOG00000007835	4314
ENSGMOG00000007838	90
ENSGMOG00000007856	387
ENSGMOG00000007863	0
ENSGMOG00000007866	756
ENSGMOG00000007876	0
ENSGMOG00000007891	0
ENSGMOG00000007898	1
ENSGMOG00000007901	448
ENSGMOG00000007911	14
ENSGMOG00000007923	656
ENSGMOG00000007930	32
ENSGMOG00000007937	0
ENSGMOG00000007944	1971
ENSGMOG00000007952	142
ENSGMOG00000007966	767
ENSGMOG00000007971	762
ENSGMOG00000007981	1
ENSGMOG00000007988	1026
ENSGMOG00000007993	44
ENSGMOG00000008001	398
ENSGMOG00000008011	0
ENSGMOG00000008015	1
ENSGMOG00000008016	49
ENSGMOG00000008028	0
ENSGMOG00000008033	715
ENSGMOG00000008038	586
ENSGMOG00000008043	2337
ENSGMOG00000008045	1644
ENSGMOG00000008047	2
ENSGMOG00000008053	38
ENSGMOG00000008058	118
ENSGMOG00000008061	1631
ENSGMOG00000008066	12
ENSGMOG00000008068	149
ENSGMOG00000008071	670
ENSGMOG00000008077	134
ENSGMOG00000008088	3101
ENSGMOG00000008091	154
ENSGMOG00000008093	2
ENSGMOG00000008095	0
ENSGMOG00000008097	550
ENSGMOG00000008110	9
ENSGMOG00000008113	1
ENSGMOG00000008116	1
ENSGMOG00000008120	1158
ENSGMOG00000008122	888
ENSGMOG00000008125	1105
ENSGMOG00000008127	5290
ENSGMOG00000008129	20
ENSGMOG00000008132	89
ENSGMOG00000008140	897
ENSGMOG00000008142	278
ENSGMOG00000008145	229
ENSGMOG00000008148	53
ENSGMOG00000008150	44
ENSGMOG00000008155	476
ENSGMOG00000008156	2491
ENSGMOG00000008164	11
ENSGMOG00000008168	1319
ENSGMOG00000008172	274
ENSGMOG00000008177	378
ENSGMOG00000008178	4
ENSGMOG00000008185	2469
ENSGMOG00000008188	4784
ENSGMOG00000008192	90
ENSGMOG00000008232	1
ENSGMOG00000000474	81
ENSGMOG00000000482	1048
ENSGMOG00000000505	0
ENSGMOG00000000539	616
ENSGMOG00000000552	838
ENSGMOG00000000593	1492
ENSGMOG00000000614	20
ENSGMOG00000000621	5
ENSGMOG00000000664	1240
ENSGMOG00000000687	917066
ENSGMOG00000000697	39
ENSGMOG00000000704	11
ENSGMOG00000000729	62
ENSGMOG00000000744	60
ENSGMOG00000000786	742
ENSGMOG00000019779	0
ENSGMOG00000000811	2457
ENSGMOG00000000867	682
ENSGMOG00000000876	5221
ENSGMOG00000000896	2186
ENSGMOG00000000986	3331
ENSGMOG00000000990	919
ENSGMOG00000001008	1156
ENSGMOG00000001022	132
ENSGMOG00000001034	108
ENSGMOG00000001055	49
ENSGMOG00000001072	2596
ENSGMOG00000001085	276
ENSGMOG00000001110	548
ENSGMOG00000001127	1297
ENSGMOG00000001162	0
ENSGMOG00000001178	225
ENSGMOG00000001209	2
ENSGMOG00000001254	0
ENSGMOG00000001266	18
ENSGMOG00000001284	20298
ENSGMOG00000001303	630
ENSGMOG00000001316	94
ENSGMOG00000001378	176
ENSGMOG00000001393	17
ENSGMOG00000001409	629
ENSGMOG00000001425	1499
ENSGMOG00000001442	194
ENSGMOG00000019780	113
ENSGMOG00000001575	213
ENSGMOG00000001609	93
ENSGMOG00000001638	420
ENSGMOG00000001707	59554
ENSGMOG00000001715	2442
ENSGMOG00000019781	0
ENSGMOG00000001860	490
ENSGMOG00000001897	311
ENSGMOG00000001911	1579
ENSGMOG00000001957	407
ENSGMOG00000001989	498
ENSGMOG00000002010	588
ENSGMOG00000012113	1
ENSGMOG00000012116	23
ENSGMOG00000012119	188
ENSGMOG00000012122	0
ENSGMOG00000012125	7
ENSGMOG00000012129	1040
ENSGMOG00000012143	6047
ENSGMOG00000012149	154
ENSGMOG00000012152	178
ENSGMOG00000012154	422
ENSGMOG00000012157	35
ENSGMOG00000012161	135
ENSGMOG00000012168	3294
ENSGMOG00000012172	9
ENSGMOG00000012176	0
ENSGMOG00000012183	5
ENSGMOG00000012189	2651
ENSGMOG00000012194	477
ENSGMOG00000012196	480
ENSGMOG00000012203	201
ENSGMOG00000012215	481
ENSGMOG00000012221	72
ENSGMOG00000012227	916
ENSGMOG00000012230	1048
ENSGMOG00000012234	12
ENSGMOG00000012241	400
ENSGMOG00000012253	284
ENSGMOG00000012265	294
ENSGMOG00000012269	147
ENSGMOG00000012274	77
ENSGMOG00000020589	675
ENSGMOG00000012290	9059
ENSGMOG00000012303	4
ENSGMOG00000012306	424
ENSGMOG00000012308	1071
ENSGMOG00000012320	52
ENSGMOG00000012326	1943
ENSGMOG00000012338	565
ENSGMOG00000012343	9
ENSGMOG00000012347	102
ENSGMOG00000012350	660
ENSGMOG00000012353	2571
ENSGMOG00000012357	539
ENSGMOG00000012360	1
ENSGMOG00000012367	25
ENSGMOG00000012369	5729
ENSGMOG00000002320	75
ENSGMOG00000002339	0
ENSGMOG00000002373	2
ENSGMOG00000002471	8
ENSGMOG00000002517	1784
ENSGMOG00000002660	28
ENSGMOG00000002787	655
ENSGMOG00000002804	773
ENSGMOG00000003137	416
ENSGMOG00000003193	2814
ENSGMOG00000003373	5761
ENSGMOG00000003471	0
ENSGMOG00000003476	1
ENSGMOG00000003489	1761
ENSGMOG00000003675	0
ENSGMOG00000003752	792
ENSGMOG00000003761	476
ENSGMOG00000003797	52
ENSGMOG00000003928	2
ENSGMOG00000004282	12
ENSGMOG00000004480	2317
ENSGMOG00000004636	508
ENSGMOG00000004653	40
ENSGMOG00000020181	137
ENSGMOG00000004665	44
ENSGMOG00000004753	7
ENSGMOG00000004768	0
ENSGMOG00000005288	60
ENSGMOG00000005369	162
ENSGMOG00000005381	158
ENSGMOG00000005407	100
ENSGMOG00000001279	606
ENSGMOG00000001285	4671
ENSGMOG00000001308	1575
ENSGMOG00000001319	2
ENSGMOG00000001335	0
ENSGMOG00000001353	8
ENSGMOG00000001364	27
ENSGMOG00000001391	35
ENSGMOG00000001487	812
ENSGMOG00000001545	3178
ENSGMOG00000001550	188
ENSGMOG00000001596	488
ENSGMOG00000001607	971
ENSGMOG00000001661	1294
ENSGMOG00000001681	9895
ENSGMOG00000001831	585
ENSGMOG00000001854	1300
ENSGMOG00000001930	506
ENSGMOG00000001940	13
ENSGMOG00000001966	1106
ENSGMOG00000001995	13
ENSGMOG00000002041	1199
ENSGMOG00000002082	21375
ENSGMOG00000002111	9
ENSGMOG00000002143	1386
ENSGMOG00000002173	1
ENSGMOG00000002217	753
ENSGMOG00000002254	2028
ENSGMOG00000002313	1
ENSGMOG00000002326	6128
ENSGMOG00000002406	8
ENSGMOG00000002421	22
ENSGMOG00000002443	351
ENSGMOG00000002456	54
ENSGMOG00000002563	5468
ENSGMOG00000002633	7219
ENSGMOG00000002668	1426
ENSGMOG00000002752	46913
ENSGMOG00000021324	3
ENSGMOG00000021936	20
ENSGMOG00000021183	6
ENSGMOG00000002766	5
ENSGMOG00000002795	1
ENSGMOG00000002817	389
ENSGMOG00000002840	1668
ENSGMOG00000002909	309
ENSGMOG00000002967	185
ENSGMOG00000003144	67
ENSGMOG00000003176	1463
ENSGMOG00000003209	0
ENSGMOG00000015708	600
ENSGMOG00000015726	1753
ENSGMOG00000015775	4076
ENSGMOG00000015834	2293
ENSGMOG00000015874	724
ENSGMOG00000015879	117
ENSGMOG00000015896	3202
ENSGMOG00000015926	1015
ENSGMOG00000015944	9824
ENSGMOG00000015965	29
ENSGMOG00000015970	502
ENSGMOG00000016002	1979
ENSGMOG00000016012	15567
ENSGMOG00000020318	7
ENSGMOG00000020319	8
ENSGMOG00000016062	1245
ENSGMOG00000016096	31
ENSGMOG00000016145	3
ENSGMOG00000016208	1093
ENSGMOG00000016240	34
ENSGMOG00000016248	1688
ENSGMOG00000016266	99
ENSGMOG00000016281	1450
ENSGMOG00000016304	169
ENSGMOG00000016331	5990
ENSGMOG00000016347	16003
ENSGMOG00000016366	25310
ENSGMOG00000016966	32850
ENSGMOG00000017036	112
ENSGMOG00000017057	36
ENSGMOG00000017100	61
ENSGMOG00000017109	2554
ENSGMOG00000017137	712
ENSGMOG00000017175	947
ENSGMOG00000017184	1675
ENSGMOG00000017216	1
ENSGMOG00000017233	712
ENSGMOG00000017274	2611
ENSGMOG00000017298	845
ENSGMOG00000017332	739
ENSGMOG00000017348	1274
ENSGMOG00000017361	8
ENSGMOG00000017400	0
ENSGMOG00000003396	69
ENSGMOG00000003431	1608
ENSGMOG00000019720	46
ENSGMOG00000003469	7093
ENSGMOG00000003491	848
ENSGMOG00000019721	454
ENSGMOG00000003571	4635
ENSGMOG00000003581	367
ENSGMOG00000003591	4394
ENSGMOG00000003606	6157
ENSGMOG00000003649	376
ENSGMOG00000003688	346
ENSGMOG00000003727	2471
ENSGMOG00000003760	0
ENSGMOG00000003777	1953
ENSGMOG00000003897	970
ENSGMOG00000003938	1
ENSGMOG00000004057	3737
ENSGMOG00000019722	25
ENSGMOG00000004199	653
ENSGMOG00000004225	68
ENSGMOG00000004239	3614
ENSGMOG00000004277	10
ENSGMOG00000004288	2006
ENSGMOG00000004323	964
ENSGMOG00000004334	170
ENSGMOG00000004344	54
ENSGMOG00000004360	1641
ENSGMOG00000004462	0
ENSGMOG00000019723	6163
ENSGMOG00000004482	156
ENSGMOG00000019724	0
ENSGMOG00000004506	0
ENSGMOG00000004578	278
ENSGMOG00000004628	41
ENSGMOG00000004638	0
ENSGMOG00000004649	28
ENSGMOG00000004680	171
ENSGMOG00000004706	4017
ENSGMOG00000004725	47
ENSGMOG00000004744	1668
ENSGMOG00000004808	11
ENSGMOG00000004824	1
ENSGMOG00000004875	0
ENSGMOG00000004883	6980
ENSGMOG00000004901	1
ENSGMOG00000004908	131
ENSGMOG00000004941	1394
ENSGMOG00000005027	807
ENSGMOG00000005056	582
ENSGMOG00000005062	4
ENSGMOG00000005078	36
ENSGMOG00000005086	229
ENSGMOG00000005094	490
ENSGMOG00000005112	1303
ENSGMOG00000005139	60
ENSGMOG00000021394	0
ENSGMOG00000005159	24322
ENSGMOG00000021571	1
ENSGMOG00000021144	11
ENSGMOG00000021973	5
ENSGMOG00000005173	1598
ENSGMOG00000005189	819
ENSGMOG00000005233	489
ENSGMOG00000005249	319
ENSGMOG00000005275	599
ENSGMOG00000005285	1
ENSGMOG00000005295	2
ENSGMOG00000005334	2474
ENSGMOG00000005397	285
ENSGMOG00000005417	18
ENSGMOG00000005432	1081
ENSGMOG00000012525	1196
ENSGMOG00000012528	476
ENSGMOG00000012531	6
ENSGMOG00000012533	276
ENSGMOG00000012535	91
ENSGMOG00000012536	4
ENSGMOG00000012539	2069
ENSGMOG00000012543	806
ENSGMOG00000012545	5
ENSGMOG00000012547	0
ENSGMOG00000012551	0
ENSGMOG00000012552	0
ENSGMOG00000012554	0
ENSGMOG00000012556	0
ENSGMOG00000012558	0
ENSGMOG00000012560	66
ENSGMOG00000012561	0
ENSGMOG00000012564	272
ENSGMOG00000012566	97
ENSGMOG00000012567	6
ENSGMOG00000012570	3658
ENSGMOG00000012572	14
ENSGMOG00000012574	830
ENSGMOG00000012576	52
ENSGMOG00000012579	4
ENSGMOG00000012583	206
ENSGMOG00000012588	374
ENSGMOG00000012590	9322
ENSGMOG00000012592	350
ENSGMOG00000012595	25810
ENSGMOG00000012596	693
ENSGMOG00000012604	33
ENSGMOG00000012606	87
ENSGMOG00000012608	10159
ENSGMOG00000012612	1346
ENSGMOG00000012618	2
ENSGMOG00000012626	35
ENSGMOG00000012628	14823
ENSGMOG00000012630	78
ENSGMOG00000012646	3911
ENSGMOG00000012649	6
ENSGMOG00000012650	10
ENSGMOG00000012651	290
ENSGMOG00000012655	577
ENSGMOG00000012658	227
ENSGMOG00000012662	1
ENSGMOG00000012665	3
ENSGMOG00000012667	0
ENSGMOG00000000506	2756
ENSGMOG00000000513	2300
ENSGMOG00000000542	263
ENSGMOG00000000557	135
ENSGMOG00000021822	0
ENSGMOG00000000565	231
ENSGMOG00000000580	514
ENSGMOG00000000605	276
ENSGMOG00000000619	97
ENSGMOG00000000637	2656
ENSGMOG00000000677	0
ENSGMOG00000000692	0
ENSGMOG00000000709	3
ENSGMOG00000000754	603
ENSGMOG00000000773	0
ENSGMOG00000000791	469
ENSGMOG00000000798	105
ENSGMOG00000000816	17
ENSGMOG00000000862	96
ENSGMOG00000000890	134
ENSGMOG00000000914	1
ENSGMOG00000000864	9545
ENSGMOG00000000922	14
ENSGMOG00000000931	0
ENSGMOG00000000950	774
ENSGMOG00000000971	0
ENSGMOG00000000983	5
ENSGMOG00000001030	9
ENSGMOG00000001063	490
ENSGMOG00000001084	143
ENSGMOG00000001112	0
ENSGMOG00000001147	505
ENSGMOG00000001164	0
ENSGMOG00000020651	0
ENSGMOG00000020713	5
ENSGMOG00000001176	29
ENSGMOG00000001225	20
ENSGMOG00000001250	20
ENSGMOG00000001277	531
ENSGMOG00000001287	0
ENSGMOG00000001291	1471
ENSGMOG00000001296	5
ENSGMOG00000001341	15617
ENSGMOG00000022021	1
ENSGMOG00000021790	2
ENSGMOG00000021745	0
ENSGMOG00000021697	4
ENSGMOG00000021429	3
ENSGMOG00000019922	18
ENSGMOG00000001382	274
ENSGMOG00000001430	289
ENSGMOG00000001438	440
ENSGMOG00000001462	0
ENSGMOG00000001474	249
ENSGMOG00000012262	5
ENSGMOG00000012267	2332
ENSGMOG00000012275	822
ENSGMOG00000012281	2
ENSGMOG00000012283	1206
ENSGMOG00000012288	834
ENSGMOG00000012291	10378
ENSGMOG00000012296	8377
ENSGMOG00000012302	462
ENSGMOG00000012304	1
ENSGMOG00000012307	452
ENSGMOG00000012313	89
ENSGMOG00000012317	29
ENSGMOG00000012328	3483
ENSGMOG00000012331	176
ENSGMOG00000012337	9
ENSGMOG00000012354	24410
ENSGMOG00000012358	0
ENSGMOG00000012375	27
ENSGMOG00000012379	1558
ENSGMOG00000012380	1747
ENSGMOG00000012384	437
ENSGMOG00000012387	871
ENSGMOG00000012392	396
ENSGMOG00000012396	3854
ENSGMOG00000012400	0
ENSGMOG00000012402	147
ENSGMOG00000012407	66
ENSGMOG00000020995	0
ENSGMOG00000012413	320
ENSGMOG00000012420	757
ENSGMOG00000012421	70
ENSGMOG00000012424	26
ENSGMOG00000012427	130
ENSGMOG00000012428	2198
ENSGMOG00000012432	3116
ENSGMOG00000012434	238
ENSGMOG00000012435	85
ENSGMOG00000012438	1911
ENSGMOG00000012441	6157
ENSGMOG00000012443	382
ENSGMOG00000012446	462
ENSGMOG00000012448	105
ENSGMOG00000012449	1155
ENSGMOG00000012451	0
ENSGMOG00000012455	491
ENSGMOG00000012459	1153
ENSGMOG00000012464	1091
ENSGMOG00000012468	207
ENSGMOG00000010298	1742
ENSGMOG00000021477	0
ENSGMOG00000010312	501
ENSGMOG00000010326	0
ENSGMOG00000010331	2
ENSGMOG00000010333	1423
ENSGMOG00000010381	250
ENSGMOG00000010390	7971
ENSGMOG00000010403	2136
ENSGMOG00000010439	201
ENSGMOG00000010445	7
ENSGMOG00000010459	3
ENSGMOG00000010474	0
ENSGMOG00000010482	6
ENSGMOG00000010489	11
ENSGMOG00000010515	1
ENSGMOG00000010522	1
ENSGMOG00000010540	1333
ENSGMOG00000010548	12
ENSGMOG00000010561	1133
ENSGMOG00000010569	21
ENSGMOG00000010583	1257
ENSGMOG00000010599	621
ENSGMOG00000010608	357
ENSGMOG00000010615	370
ENSGMOG00000010619	398
ENSGMOG00000010628	2225
ENSGMOG00000010645	27
ENSGMOG00000010654	504
ENSGMOG00000010679	275
ENSGMOG00000010725	1
ENSGMOG00000010752	3684
ENSGMOG00000010757	25
ENSGMOG00000010786	252
ENSGMOG00000010802	837
ENSGMOG00000010817	726
ENSGMOG00000010821	6
ENSGMOG00000010826	0
ENSGMOG00000010829	0
ENSGMOG00000010848	215
ENSGMOG00000010858	160
ENSGMOG00000010865	170
ENSGMOG00000010883	1709
ENSGMOG00000010900	10753
ENSGMOG00000010924	919
ENSGMOG00000010932	34
ENSGMOG00000010936	4017
ENSGMOG00000010949	798
ENSGMOG00000010958	67
ENSGMOG00000010965	20
ENSGMOG00000010971	245
ENSGMOG00000010987	23
ENSGMOG00000010993	8
ENSGMOG00000011014	285
ENSGMOG00000011039	360
ENSGMOG00000011049	431
ENSGMOG00000011056	97
ENSGMOG00000011064	1238
ENSGMOG00000011073	899
ENSGMOG00000011080	118
ENSGMOG00000011108	140
ENSGMOG00000011132	174
ENSGMOG00000011140	104
ENSGMOG00000011144	10457
ENSGMOG00000011159	80
ENSGMOG00000011175	22690
ENSGMOG00000011183	2334
ENSGMOG00000011208	432
ENSGMOG00000011214	154
ENSGMOG00000011222	35
ENSGMOG00000011241	172
ENSGMOG00000011249	1276
ENSGMOG00000002526	203
ENSGMOG00000002556	0
ENSGMOG00000002568	0
ENSGMOG00000002584	204
ENSGMOG00000002602	3
ENSGMOG00000002612	5
ENSGMOG00000002619	62
ENSGMOG00000002646	3138
ENSGMOG00000002695	698
ENSGMOG00000002833	2
ENSGMOG00000002860	153
ENSGMOG00000002922	71
ENSGMOG00000002934	5
ENSGMOG00000002968	4658
ENSGMOG00000002996	2
ENSGMOG00000003003	6
ENSGMOG00000003031	0
ENSGMOG00000003038	30
ENSGMOG00000003121	2
ENSGMOG00000003151	0
ENSGMOG00000003162	9
ENSGMOG00000003174	1755
ENSGMOG00000003227	207
ENSGMOG00000003282	19
ENSGMOG00000003313	48
ENSGMOG00000003347	626
ENSGMOG00000003390	786
ENSGMOG00000003432	0
ENSGMOG00000003441	262
ENSGMOG00000003452	79
ENSGMOG00000003470	0
ENSGMOG00000003502	32
ENSGMOG00000003506	411
ENSGMOG00000003536	230
ENSGMOG00000003560	1836
ENSGMOG00000003607	1591
ENSGMOG00000003646	8
ENSGMOG00000003657	30
ENSGMOG00000003690	1776
ENSGMOG00000003718	891
ENSGMOG00000003789	1161
ENSGMOG00000003803	319
ENSGMOG00000003815	6853
ENSGMOG00000003836	73
ENSGMOG00000003848	5837
ENSGMOG00000003955	5
ENSGMOG00000003988	91
ENSGMOG00000003995	931
ENSGMOG00000004123	545
ENSGMOG00000020187	27
ENSGMOG00000004422	106
ENSGMOG00000004460	418
ENSGMOG00000021667	0
ENSGMOG00000004476	125
ENSGMOG00000004526	33
ENSGMOG00000004533	0
ENSGMOG00000004549	362
ENSGMOG00000004632	472
ENSGMOG00000004667	488
ENSGMOG00000004707	0
ENSGMOG00000004769	54
ENSGMOG00000004837	1479
ENSGMOG00000004867	0
ENSGMOG00000004933	6
ENSGMOG00000004994	1
ENSGMOG00000005016	377
ENSGMOG00000005043	39
ENSGMOG00000005065	103
ENSGMOG00000005085	174
ENSGMOG00000005102	568
ENSGMOG00000005117	1062
ENSGMOG00000005127	491
ENSGMOG00000005141	10433
ENSGMOG00000005416	129
ENSGMOG00000005466	8
ENSGMOG00000005488	8
ENSGMOG00000005503	117
ENSGMOG00000005524	262
ENSGMOG00000005589	1270
ENSGMOG00000005619	16
ENSGMOG00000005654	7
ENSGMOG00000005662	1987
ENSGMOG00000005699	834
ENSGMOG00000005708	470
ENSGMOG00000005726	177
ENSGMOG00000021528	253
ENSGMOG00000005752	3268
ENSGMOG00000021760	31
ENSGMOG00000005767	587
ENSGMOG00000005775	146
ENSGMOG00000005787	75
ENSGMOG00000005822	39
ENSGMOG00000005851	4151
ENSGMOG00000005870	8
ENSGMOG00000005905	268
ENSGMOG00000005912	33960
ENSGMOG00000005938	623
ENSGMOG00000005951	83
ENSGMOG00000005994	3025
ENSGMOG00000006026	1225
ENSGMOG00000014726	50
ENSGMOG00000014745	0
ENSGMOG00000014777	0
ENSGMOG00000014807	3
ENSGMOG00000014825	0
ENSGMOG00000014843	4
ENSGMOG00000014868	4
ENSGMOG00000014884	10158
ENSGMOG00000015102	2930
ENSGMOG00000015151	346
ENSGMOG00000015178	984
ENSGMOG00000015194	605
ENSGMOG00000015216	43775
ENSGMOG00000015237	1716
ENSGMOG00000015276	0
ENSGMOG00000015310	0
ENSGMOG00000015330	0
ENSGMOG00000015346	433
ENSGMOG00000015366	11
ENSGMOG00000015387	0
ENSGMOG00000015505	7
ENSGMOG00000015529	1886
ENSGMOG00000015539	220
ENSGMOG00000015574	628
ENSGMOG00000015598	72
ENSGMOG00000015614	1
ENSGMOG00000015664	3
ENSGMOG00000015725	4
ENSGMOG00000015740	6
ENSGMOG00000015762	2
ENSGMOG00000015853	354
ENSGMOG00000015876	519
ENSGMOG00000015917	255
ENSGMOG00000019901	81
ENSGMOG00000015938	20
ENSGMOG00000015976	9
ENSGMOG00000016006	0
ENSGMOG00000016022	9
ENSGMOG00000016031	6
ENSGMOG00000016038	70
ENSGMOG00000016060	55
ENSGMOG00000016077	331
ENSGMOG00000016094	0
ENSGMOG00000018253	116
ENSGMOG00000018270	284
ENSGMOG00000018286	492
ENSGMOG00000018298	509
ENSGMOG00000018311	2200
ENSGMOG00000018326	4
ENSGMOG00000018335	216
ENSGMOG00000018349	0
ENSGMOG00000018353	0
ENSGMOG00000018359	0
ENSGMOG00000018371	493
ENSGMOG00000018390	5
ENSGMOG00000018403	20117
ENSGMOG00000018423	697
ENSGMOG00000018460	1
ENSGMOG00000018472	139
ENSGMOG00000018499	1105
ENSGMOG00000018544	35
ENSGMOG00000018573	215
ENSGMOG00000018576	104
ENSGMOG00000018608	339
ENSGMOG00000018620	85
ENSGMOG00000018661	673
ENSGMOG00000018672	72
ENSGMOG00000018693	14
ENSGMOG00000018739	10
ENSGMOG00000018749	243
ENSGMOG00000018776	1674
ENSGMOG00000018787	0
ENSGMOG00000018814	1
ENSGMOG00000018817	13
ENSGMOG00000018833	111
ENSGMOG00000021958	0
ENSGMOG00000018839	1
ENSGMOG00000018933	1
ENSGMOG00000018948	85
ENSGMOG00000018959	12
ENSGMOG00000018964	925
ENSGMOG00000018975	107
ENSGMOG00000018992	121
ENSGMOG00000018999	0
ENSGMOG00000011845	1828
ENSGMOG00000020568	1011
ENSGMOG00000011852	33
ENSGMOG00000011857	122
ENSGMOG00000011871	132
ENSGMOG00000011876	17
ENSGMOG00000011878	295
ENSGMOG00000011880	310
ENSGMOG00000011895	33
ENSGMOG00000011902	6
ENSGMOG00000011973	40
ENSGMOG00000011977	195
ENSGMOG00000011983	554
ENSGMOG00000011987	0
ENSGMOG00000012007	0
ENSGMOG00000012013	13
ENSGMOG00000012019	15
ENSGMOG00000012027	1426
ENSGMOG00000012034	264
ENSGMOG00000021716	0
ENSGMOG00000022093	0
ENSGMOG00000012043	265
ENSGMOG00000012046	376
ENSGMOG00000012060	104
ENSGMOG00000012066	714
ENSGMOG00000012070	1
ENSGMOG00000012078	0
ENSGMOG00000012079	0
ENSGMOG00000012080	1721
ENSGMOG00000012081	419
ENSGMOG00000012086	120
ENSGMOG00000012088	282
ENSGMOG00000012089	2
ENSGMOG00000012093	41
ENSGMOG00000012104	118
ENSGMOG00000012107	1
ENSGMOG00000012112	0
ENSGMOG00000021857	0
ENSGMOG00000012114	244
ENSGMOG00000012115	991
ENSGMOG00000012117	673
ENSGMOG00000012130	1354
ENSGMOG00000012133	1003
ENSGMOG00000012137	21707
ENSGMOG00000012141	51
ENSGMOG00000012155	593
ENSGMOG00000012159	974
ENSGMOG00000012165	355
ENSGMOG00000012170	0
ENSGMOG00000012175	601
ENSGMOG00000020768	1
ENSGMOG00000012177	2069
ENSGMOG00000012181	685
ENSGMOG00000012186	1463
ENSGMOG00000012188	0
ENSGMOG00000012197	18
ENSGMOG00000012200	0
ENSGMOG00000012201	729
ENSGMOG00000012207	2172
ENSGMOG00000012214	187
ENSGMOG00000012217	290
ENSGMOG00000012220	53
ENSGMOG00000012238	662
ENSGMOG00000012240	0
ENSGMOG00000012243	89
ENSGMOG00000012247	3367
ENSGMOG00000012251	1733
ENSGMOG00000012258	311
ENSGMOG00000012268	11
ENSGMOG00000012272	1125
ENSGMOG00000012277	61
ENSGMOG00000020569	11
ENSGMOG00000012280	0
ENSGMOG00000012285	233
ENSGMOG00000012287	133
ENSGMOG00000019510	0
ENSGMOG00000019512	259
ENSGMOG00000019515	47
ENSGMOG00000019517	3
ENSGMOG00000019518	133
ENSGMOG00000019519	0
ENSGMOG00000019520	128
ENSGMOG00000019521	4270
ENSGMOG00000019531	4285
ENSGMOG00000019534	10703
ENSGMOG00000019536	2992
ENSGMOG00000019541	961
ENSGMOG00000019545	14
ENSGMOG00000019547	3075
ENSGMOG00000019553	9883
ENSGMOG00000019555	0
ENSGMOG00000019557	331
ENSGMOG00000019559	48
ENSGMOG00000019560	450
ENSGMOG00000019563	0
ENSGMOG00000019566	0
ENSGMOG00000019568	79
ENSGMOG00000019570	1320
ENSGMOG00000019574	58
ENSGMOG00000019583	39
ENSGMOG00000019591	75
ENSGMOG00000019597	0
ENSGMOG00000019601	237
ENSGMOG00000019603	9
ENSGMOG00000021769	0
ENSGMOG00000019610	501
ENSGMOG00000019613	0
ENSGMOG00000019614	74
ENSGMOG00000019618	0
ENSGMOG00000019620	0
ENSGMOG00000019622	0
ENSGMOG00000019624	0
ENSGMOG00000019627	8674
ENSGMOG00000019629	31
ENSGMOG00000019637	152
ENSGMOG00000019641	243
ENSGMOG00000019648	1140
ENSGMOG00000019650	5
ENSGMOG00000019651	3
ENSGMOG00000019658	14
ENSGMOG00000019660	406
ENSGMOG00000019661	919
ENSGMOG00000019663	1
ENSGMOG00000019665	75
ENSGMOG00000019666	2596
ENSGMOG00000019669	179
ENSGMOG00000019670	0
ENSGMOG00000019671	67
ENSGMOG00000019672	5
ENSGMOG00000019673	0
ENSGMOG00000019674	682
ENSGMOG00000019675	0
ENSGMOG00000019676	0
ENSGMOG00000019677	225
ENSGMOG00000019678	290
ENSGMOG00000019679	749
ENSGMOG00000019680	2095
ENSGMOG00000019681	119
ENSGMOG00000019682	440
ENSGMOG00000019683	1259
ENSGMOG00000019684	72
ENSGMOG00000019685	935
ENSGMOG00000019686	59
ENSGMOG00000019687	692
ENSGMOG00000019688	268
ENSGMOG00000019689	0
ENSGMOG00000019690	0
ENSGMOG00000019691	2834
ENSGMOG00000019692	904
ENSGMOG00000019693	3750
ENSGMOG00000019694	49
ENSGMOG00000019695	1
ENSGMOG00000021926	0
ENSGMOG00000019696	10
ENSGMOG00000019697	11
ENSGMOG00000018738	78
ENSGMOG00000018751	930
ENSGMOG00000018812	530
ENSGMOG00000018840	310
ENSGMOG00000018851	473
ENSGMOG00000018863	297
ENSGMOG00000018878	11019
ENSGMOG00000018881	208
ENSGMOG00000018890	407
ENSGMOG00000018910	403
ENSGMOG00000018913	0
ENSGMOG00000018920	2
ENSGMOG00000018925	0
ENSGMOG00000018931	848
ENSGMOG00000018962	0
ENSGMOG00000018970	2636
ENSGMOG00000018977	21
ENSGMOG00000018997	327
ENSGMOG00000020298	25
ENSGMOG00000019007	6
ENSGMOG00000019015	527
ENSGMOG00000019025	2146
ENSGMOG00000019041	4
ENSGMOG00000019050	81
ENSGMOG00000019056	315
ENSGMOG00000019066	397
ENSGMOG00000019074	1
ENSGMOG00000019079	210
ENSGMOG00000019089	27
ENSGMOG00000019099	4226
ENSGMOG00000019125	4198
ENSGMOG00000019132	429
ENSGMOG00000019138	1051
ENSGMOG00000019147	2706
ENSGMOG00000019152	5911
ENSGMOG00000019166	2260
ENSGMOG00000019167	1649
ENSGMOG00000019176	8
ENSGMOG00000019188	232
ENSGMOG00000019202	4070
ENSGMOG00000019205	0
ENSGMOG00000019211	0
ENSGMOG00000019221	1423
ENSGMOG00000013201	0
ENSGMOG00000013206	109
ENSGMOG00000013220	527
ENSGMOG00000013237	254
ENSGMOG00000013244	3482
ENSGMOG00000013263	1589
ENSGMOG00000013270	442
ENSGMOG00000013278	7
ENSGMOG00000020485	0
ENSGMOG00000013284	887
ENSGMOG00000013298	631
ENSGMOG00000013307	0
ENSGMOG00000013317	44
ENSGMOG00000013348	0
ENSGMOG00000013362	698
ENSGMOG00000013369	124
ENSGMOG00000013382	402
ENSGMOG00000013416	0
ENSGMOG00000013421	2305
ENSGMOG00000013429	53
ENSGMOG00000013447	1510
ENSGMOG00000020486	81
ENSGMOG00000013806	325
ENSGMOG00000013828	63
ENSGMOG00000013857	975
ENSGMOG00000013865	1451
ENSGMOG00000013903	939
ENSGMOG00000013989	47
ENSGMOG00000014018	1520
ENSGMOG00000014038	881
ENSGMOG00000014055	41080
ENSGMOG00000014068	58
ENSGMOG00000006705	110
ENSGMOG00000006921	3
ENSGMOG00000006949	0
ENSGMOG00000006963	0
ENSGMOG00000007280	1376
ENSGMOG00000007303	0
ENSGMOG00000007326	81
ENSGMOG00000007337	1114
ENSGMOG00000007346	250
ENSGMOG00000007350	199
ENSGMOG00000007374	310
ENSGMOG00000007383	0
ENSGMOG00000007387	19
ENSGMOG00000007389	538
ENSGMOG00000007392	518
ENSGMOG00000007404	8
ENSGMOG00000007414	0
ENSGMOG00000007421	0
ENSGMOG00000007429	3168
ENSGMOG00000007454	1595
ENSGMOG00000007460	269
ENSGMOG00000007467	3
ENSGMOG00000017005	18
ENSGMOG00000017046	45
ENSGMOG00000017056	7502
ENSGMOG00000017066	1359
ENSGMOG00000017117	132
ENSGMOG00000017122	1885
ENSGMOG00000017139	1445
ENSGMOG00000017171	324
ENSGMOG00000017248	94
ENSGMOG00000017284	1
ENSGMOG00000017311	154
ENSGMOG00000017360	470
ENSGMOG00000017419	5
ENSGMOG00000017431	3
ENSGMOG00000017438	45
ENSGMOG00000017447	750
ENSGMOG00000017468	2
ENSGMOG00000017475	456
ENSGMOG00000017506	1876
ENSGMOG00000017519	391
ENSGMOG00000017561	9
ENSGMOG00000017582	109
ENSGMOG00000017590	156
ENSGMOG00000021339	39
ENSGMOG00000017623	19115
ENSGMOG00000021960	6
ENSGMOG00000017630	122
ENSGMOG00000017637	1315
ENSGMOG00000017657	1
ENSGMOG00000017670	222
ENSGMOG00000017757	4
ENSGMOG00000017773	128
ENSGMOG00000017802	207
ENSGMOG00000017827	17
ENSGMOG00000017838	265
ENSGMOG00000017865	0
ENSGMOG00000017874	3
ENSGMOG00000017914	130
ENSGMOG00000017929	16
ENSGMOG00000017956	4
ENSGMOG00000003856	16
ENSGMOG00000003915	537
ENSGMOG00000003925	27
ENSGMOG00000003970	2714
ENSGMOG00000003998	4331
ENSGMOG00000004012	111
ENSGMOG00000004022	621
ENSGMOG00000004043	1
ENSGMOG00000004052	228
ENSGMOG00000004063	48
ENSGMOG00000004097	13
ENSGMOG00000004114	0
ENSGMOG00000004129	10
ENSGMOG00000004157	0
ENSGMOG00000004206	2097
ENSGMOG00000004234	2779
ENSGMOG00000004406	1696
ENSGMOG00000004463	304
ENSGMOG00000004479	0
ENSGMOG00000004492	446
ENSGMOG00000004514	250
ENSGMOG00000004535	4883
ENSGMOG00000004558	0
ENSGMOG00000004581	0
ENSGMOG00000004601	3
ENSGMOG00000004635	0
ENSGMOG00000004688	330
ENSGMOG00000004700	0
ENSGMOG00000004745	175
ENSGMOG00000004780	339
ENSGMOG00000004797	47
ENSGMOG00000020029	19
ENSGMOG00000004817	0
ENSGMOG00000004848	585
ENSGMOG00000004862	215
ENSGMOG00000004878	278
ENSGMOG00000004924	3877
ENSGMOG00000004940	2665
ENSGMOG00000004960	3113
ENSGMOG00000004981	2033
ENSGMOG00000004998	1652
ENSGMOG00000005015	5449
ENSGMOG00000005040	0
ENSGMOG00000005074	36226
ENSGMOG00000005088	556
ENSGMOG00000005107	3466
ENSGMOG00000005142	173
ENSGMOG00000005161	7
ENSGMOG00000005345	1908
ENSGMOG00000005365	693
ENSGMOG00000005412	101
ENSGMOG00000005424	13
ENSGMOG00000005452	65
ENSGMOG00000005478	450
ENSGMOG00000005498	1478
ENSGMOG00000005521	32568
ENSGMOG00000005544	8
ENSGMOG00000005568	1254
ENSGMOG00000005645	195
ENSGMOG00000005657	79
ENSGMOG00000005673	802
ENSGMOG00000005710	13
ENSGMOG00000005810	356
ENSGMOG00000005846	0
ENSGMOG00000005863	1337
ENSGMOG00000005891	15
ENSGMOG00000005928	0
ENSGMOG00000005932	86
ENSGMOG00000005949	2
ENSGMOG00000005993	178
ENSGMOG00000006058	3903
ENSGMOG00000006087	2555
ENSGMOG00000006107	151
ENSGMOG00000006128	1711
ENSGMOG00000006184	560
ENSGMOG00000006214	53
ENSGMOG00000012162	616
ENSGMOG00000012166	7
ENSGMOG00000012167	881
ENSGMOG00000012169	185
ENSGMOG00000012174	2638
ENSGMOG00000012182	623
ENSGMOG00000021746	0
ENSGMOG00000012187	1757
ENSGMOG00000021824	0
ENSGMOG00000012192	3014
ENSGMOG00000012195	76
ENSGMOG00000012198	594
ENSGMOG00000012202	0
ENSGMOG00000012209	119
ENSGMOG00000012211	0
ENSGMOG00000012212	205
ENSGMOG00000012216	3060
ENSGMOG00000012222	16
ENSGMOG00000012225	582
ENSGMOG00000012231	0
ENSGMOG00000012232	7804
ENSGMOG00000012245	3448
ENSGMOG00000012249	269
ENSGMOG00000012255	6
ENSGMOG00000012257	200
ENSGMOG00000005998	60
ENSGMOG00000006006	260
ENSGMOG00000006022	817
ENSGMOG00000006040	4217
ENSGMOG00000006091	20
ENSGMOG00000006103	2029
ENSGMOG00000006112	244
ENSGMOG00000006135	56
ENSGMOG00000006152	573
ENSGMOG00000006186	282
ENSGMOG00000006223	978
ENSGMOG00000006246	1444
ENSGMOG00000006273	422
ENSGMOG00000020217	178
ENSGMOG00000020218	27
ENSGMOG00000016604	7
ENSGMOG00000016643	0
ENSGMOG00000016649	567
ENSGMOG00000016669	0
ENSGMOG00000016676	19
ENSGMOG00000021894	1
ENSGMOG00000013315	14
ENSGMOG00000013320	394
ENSGMOG00000013328	0
ENSGMOG00000013337	305
ENSGMOG00000013346	80
ENSGMOG00000013360	1159
ENSGMOG00000013387	904
ENSGMOG00000013419	148
ENSGMOG00000013427	4429
ENSGMOG00000013478	93
ENSGMOG00000020635	0
ENSGMOG00000021458	0
ENSGMOG00000020883	0
ENSGMOG00000013479	888
ENSGMOG00000013496	321
ENSGMOG00000013512	2444
ENSGMOG00000013529	478
ENSGMOG00000013534	352
ENSGMOG00000013541	0
ENSGMOG00000013566	52
ENSGMOG00000013573	0
ENSGMOG00000013588	157
ENSGMOG00000013612	0
ENSGMOG00000013619	302
ENSGMOG00000013649	448
ENSGMOG00000013694	222
ENSGMOG00000013721	413
ENSGMOG00000013733	0
ENSGMOG00000013748	3136
ENSGMOG00000013788	4057
ENSGMOG00000013971	14
ENSGMOG00000013994	32
ENSGMOG00000014118	19
ENSGMOG00000014203	9573
ENSGMOG00000014234	3906
ENSGMOG00000014271	1509
ENSGMOG00000014331	178
ENSGMOG00000014352	191
ENSGMOG00000014371	1132
ENSGMOG00000014430	55
ENSGMOG00000014469	740
ENSGMOG00000007157	0
ENSGMOG00000020346	0
ENSGMOG00000007160	2
ENSGMOG00000020347	0
ENSGMOG00000020349	2
ENSGMOG00000007161	3693
ENSGMOG00000007173	113
ENSGMOG00000007181	12
ENSGMOG00000007188	1093
ENSGMOG00000007193	1227
ENSGMOG00000007202	789
ENSGMOG00000007211	353
ENSGMOG00000007233	690
ENSGMOG00000007257	27
ENSGMOG00000007278	4295
ENSGMOG00000007292	3
ENSGMOG00000007297	0
ENSGMOG00000007305	0
ENSGMOG00000020351	0
ENSGMOG00000007308	0
ENSGMOG00000020352	0
ENSGMOG00000007313	0
ENSGMOG00000020355	0
ENSGMOG00000007317	0
ENSGMOG00000007322	0
ENSGMOG00000007325	0
ENSGMOG00000020357	0
ENSGMOG00000020358	0
ENSGMOG00000002590	15
ENSGMOG00000020199	0
ENSGMOG00000002609	2
ENSGMOG00000002620	0
ENSGMOG00000021171	0
ENSGMOG00000002638	4
ENSGMOG00000002657	0
ENSGMOG00000002681	69
ENSGMOG00000000184	5838
ENSGMOG00000000194	214
ENSGMOG00000000202	551
ENSGMOG00000000213	5
ENSGMOG00000000215	1
ENSGMOG00000000220	0
ENSGMOG00000000224	96
ENSGMOG00000000228	685
ENSGMOG00000000232	518
ENSGMOG00000000234	1591
ENSGMOG00000000247	567
ENSGMOG00000000260	4996
ENSGMOG00000000271	0
ENSGMOG00000000273	548
ENSGMOG00000000277	207
ENSGMOG00000000291	1097
ENSGMOG00000000304	0
ENSGMOG00000000309	72
ENSGMOG00000000321	461
ENSGMOG00000000329	0
ENSGMOG00000000338	118
ENSGMOG00000000339	0
ENSGMOG00000000344	95
ENSGMOG00000000348	33
ENSGMOG00000000360	798
ENSGMOG00000000369	276
ENSGMOG00000000377	71
ENSGMOG00000000384	6
ENSGMOG00000000395	1116
ENSGMOG00000000406	1369
ENSGMOG00000000434	1130
ENSGMOG00000000445	5
ENSGMOG00000000457	61
ENSGMOG00000000463	1
ENSGMOG00000000470	47
ENSGMOG00000000476	5263
ENSGMOG00000000492	973
ENSGMOG00000000500	326
ENSGMOG00000000512	443
ENSGMOG00000009588	4554
ENSGMOG00000009592	2730
ENSGMOG00000009603	5
ENSGMOG00000009612	129
ENSGMOG00000009634	2971
ENSGMOG00000009648	545
ENSGMOG00000009659	1
ENSGMOG00000009666	479
ENSGMOG00000009670	462
ENSGMOG00000009692	0
ENSGMOG00000009746	248
ENSGMOG00000009765	0
ENSGMOG00000009787	587
ENSGMOG00000009796	3226
ENSGMOG00000009821	299
ENSGMOG00000009832	7482
ENSGMOG00000009879	67
ENSGMOG00000009916	77
ENSGMOG00000009954	1002
ENSGMOG00000010004	553
ENSGMOG00000010011	158
ENSGMOG00000010041	1354
ENSGMOG00000010043	0
ENSGMOG00000010048	17
ENSGMOG00000010059	957
ENSGMOG00000010065	0
ENSGMOG00000010077	0
ENSGMOG00000010082	4
ENSGMOG00000010089	5
ENSGMOG00000019891	5
ENSGMOG00000010094	66
ENSGMOG00000010101	14
ENSGMOG00000010113	495
ENSGMOG00000010119	0
ENSGMOG00000010131	118
ENSGMOG00000010140	105
ENSGMOG00000010153	2921
ENSGMOG00000010175	92
ENSGMOG00000010202	1272
ENSGMOG00000010223	13
ENSGMOG00000010233	2232
ENSGMOG00000010238	1046
ENSGMOG00000010255	5
ENSGMOG00000010260	0
ENSGMOG00000010265	104
ENSGMOG00000010269	11
ENSGMOG00000010281	3
ENSGMOG00000010329	0
ENSGMOG00000010338	6482
ENSGMOG00000010358	687
ENSGMOG00000019562	0
ENSGMOG00000019569	58
ENSGMOG00000019573	252
ENSGMOG00000019575	40
ENSGMOG00000019580	7776
ENSGMOG00000019586	23
ENSGMOG00000019589	14
ENSGMOG00000019592	0
ENSGMOG00000019596	479
ENSGMOG00000019600	282
ENSGMOG00000019604	2502
ENSGMOG00000019606	287
ENSGMOG00000019608	1214
ENSGMOG00000019612	344
ENSGMOG00000019616	311
ENSGMOG00000020012	3
ENSGMOG00000019621	0
ENSGMOG00000019625	1
ENSGMOG00000019626	8
ENSGMOG00000019628	2190
ENSGMOG00000019631	1290
ENSGMOG00000019632	150
ENSGMOG00000019634	2258
ENSGMOG00000019635	1068
ENSGMOG00000019636	5
ENSGMOG00000019638	27
ENSGMOG00000019639	25
ENSGMOG00000019640	22
ENSGMOG00000019643	12
ENSGMOG00000019645	105
ENSGMOG00000019646	17
ENSGMOG00000002054	758
ENSGMOG00000002067	108
ENSGMOG00000002076	1343
ENSGMOG00000002116	175
ENSGMOG00000002134	1631
ENSGMOG00000002162	270
ENSGMOG00000002186	15506
ENSGMOG00000002196	516
ENSGMOG00000002210	523
ENSGMOG00000002245	933
ENSGMOG00000002266	95
ENSGMOG00000002289	1843
ENSGMOG00000002323	938
ENSGMOG00000002354	985
ENSGMOG00000002368	7
ENSGMOG00000002404	383
ENSGMOG00000002411	2058
ENSGMOG00000002429	0
ENSGMOG00000002448	17426
ENSGMOG00000021696	5
ENSGMOG00000021290	6
ENSGMOG00000021987	19
ENSGMOG00000021335	14
ENSGMOG00000021181	34
ENSGMOG00000002484	89210
ENSGMOG00000002496	454
ENSGMOG00000002519	626
ENSGMOG00000002532	0
ENSGMOG00000002565	0
ENSGMOG00000002589	29
ENSGMOG00000002621	4
ENSGMOG00000002639	51
ENSGMOG00000002645	197
ENSGMOG00000002665	9
ENSGMOG00000002732	0
ENSGMOG00000002746	0
ENSGMOG00000002763	1228
ENSGMOG00000002786	215
ENSGMOG00000017049	40
ENSGMOG00000017081	214
ENSGMOG00000017104	499
ENSGMOG00000017126	7
ENSGMOG00000017162	705
ENSGMOG00000017185	317
ENSGMOG00000017193	16
ENSGMOG00000017214	136
ENSGMOG00000017291	1101
ENSGMOG00000017309	842
ENSGMOG00000017345	343
ENSGMOG00000017363	5547
ENSGMOG00000017507	106
ENSGMOG00000017521	4
ENSGMOG00000017531	1510
ENSGMOG00000017556	87
ENSGMOG00000017576	1557
ENSGMOG00000017587	474
ENSGMOG00000017634	4
ENSGMOG00000017674	238
ENSGMOG00000017716	296
ENSGMOG00000017732	2182
ENSGMOG00000017772	853
ENSGMOG00000017788	736
ENSGMOG00000017810	542
ENSGMOG00000019812	5
ENSGMOG00000017825	22
ENSGMOG00000017834	372
ENSGMOG00000017846	347
ENSGMOG00000017861	796
ENSGMOG00000017872	484
ENSGMOG00000017887	70
ENSGMOG00000017906	2
ENSGMOG00000017926	266
ENSGMOG00000017946	670
ENSGMOG00000017971	0
ENSGMOG00000019813	2
ENSGMOG00000017980	0
ENSGMOG00000018004	99
ENSGMOG00000018018	848
ENSGMOG00000015975	405
ENSGMOG00000015988	1386
ENSGMOG00000021621	3
ENSGMOG00000016011	2107
ENSGMOG00000016030	79
ENSGMOG00000016048	364
ENSGMOG00000016071	12
ENSGMOG00000016097	6810
ENSGMOG00000016106	902
ENSGMOG00000016111	1548
ENSGMOG00000016120	10
ENSGMOG00000016131	627
ENSGMOG00000016142	22415
ENSGMOG00000016182	11
ENSGMOG00000016197	3782
ENSGMOG00000016367	4529
ENSGMOG00000016423	128
ENSGMOG00000016429	780
ENSGMOG00000016433	2020
ENSGMOG00000016481	14
ENSGMOG00000016507	49
ENSGMOG00000016543	29
ENSGMOG00000016624	716
ENSGMOG00000016745	305
ENSGMOG00000016802	4119
ENSGMOG00000016824	4
ENSGMOG00000016833	0
ENSGMOG00000016850	535
ENSGMOG00000016872	462
ENSGMOG00000016883	0
ENSGMOG00000016897	1
ENSGMOG00000017084	0
ENSGMOG00000017089	0
ENSGMOG00000017097	0
ENSGMOG00000017157	416
ENSGMOG00000017240	0
ENSGMOG00000017300	0
ENSGMOG00000017316	4
ENSGMOG00000017321	0
ENSGMOG00000017343	7
ENSGMOG00000017355	17
ENSGMOG00000017428	319
ENSGMOG00000020860	52
ENSGMOG00000017439	85
ENSGMOG00000017451	1524
ENSGMOG00000017470	7
ENSGMOG00000017493	1
ENSGMOG00000017584	0
ENSGMOG00000017604	4
ENSGMOG00000017664	1
ENSGMOG00000017680	442
ENSGMOG00000017700	1331
ENSGMOG00000017726	366
ENSGMOG00000019554	675
ENSGMOG00000019556	373
ENSGMOG00000019558	100
ENSGMOG00000019561	669
ENSGMOG00000019564	16
ENSGMOG00000019571	460
ENSGMOG00000019576	64
ENSGMOG00000020011	183
ENSGMOG00000019578	6
ENSGMOG00000019581	151
ENSGMOG00000019582	5
ENSGMOG00000019585	19
ENSGMOG00000019588	103
ENSGMOG00000019593	8
ENSGMOG00000019605	0
ENSGMOG00000019607	0
ENSGMOG00000019609	22
ENSGMOG00000019611	389
ENSGMOG00000019615	0
ENSGMOG00000019617	12
ENSGMOG00000019619	2085
ENSGMOG00000019623	39
ENSGMOG00000019630	0
ENSGMOG00000002097	467
ENSGMOG00000021848	2
ENSGMOG00000002113	422
ENSGMOG00000002125	79
ENSGMOG00000002149	7
ENSGMOG00000002205	919
ENSGMOG00000002214	248
ENSGMOG00000002222	308
ENSGMOG00000002255	317
ENSGMOG00000002287	1
ENSGMOG00000002314	173
ENSGMOG00000002325	1
ENSGMOG00000002423	0
ENSGMOG00000002438	1
ENSGMOG00000002455	186
ENSGMOG00000002503	229
ENSGMOG00000002522	331
ENSGMOG00000002585	5910
ENSGMOG00000002603	254
ENSGMOG00000002655	97
ENSGMOG00000002669	1246
ENSGMOG00000002680	37
ENSGMOG00000002721	104
ENSGMOG00000002744	8
ENSGMOG00000002866	2250
ENSGMOG00000002916	53
ENSGMOG00000002947	29
ENSGMOG00000002965	2
ENSGMOG00000002971	0
ENSGMOG00000002983	2
ENSGMOG00000002991	0
ENSGMOG00000003096	0
ENSGMOG00000003105	0
ENSGMOG00000003133	368
ENSGMOG00000003158	535
ENSGMOG00000003192	706
ENSGMOG00000003217	2420
ENSGMOG00000003229	1
ENSGMOG00000007834	108
ENSGMOG00000007840	115
ENSGMOG00000007846	221
ENSGMOG00000007849	3
ENSGMOG00000007859	4438
ENSGMOG00000007865	1422
ENSGMOG00000007869	704
ENSGMOG00000007879	0
ENSGMOG00000007883	457
ENSGMOG00000007896	376
ENSGMOG00000007904	35
ENSGMOG00000021616	0
ENSGMOG00000007909	436
ENSGMOG00000007912	110
ENSGMOG00000007918	0
ENSGMOG00000007921	352
ENSGMOG00000007929	70
ENSGMOG00000007942	220
ENSGMOG00000007946	0
ENSGMOG00000007949	2293
ENSGMOG00000007953	0
ENSGMOG00000007954	0
ENSGMOG00000007958	1
ENSGMOG00000007961	391
ENSGMOG00000007970	1130
ENSGMOG00000007975	13
ENSGMOG00000007982	272
ENSGMOG00000007987	2874
ENSGMOG00000007996	1277
ENSGMOG00000007997	1561
ENSGMOG00000008007	4
ENSGMOG00000006735	602
ENSGMOG00000006773	20604
ENSGMOG00000021878	20
ENSGMOG00000021356	2
ENSGMOG00000006793	862
ENSGMOG00000006801	4317
ENSGMOG00000006808	2496
ENSGMOG00000006816	998
ENSGMOG00000006824	97
ENSGMOG00000006835	65
ENSGMOG00000006865	98
ENSGMOG00000006890	1495
ENSGMOG00000006900	88
ENSGMOG00000006911	0
ENSGMOG00000020243	0
ENSGMOG00000006918	594
ENSGMOG00000006925	226
ENSGMOG00000006940	608
ENSGMOG00000006962	0
ENSGMOG00000006973	0
ENSGMOG00000006982	748
ENSGMOG00000006994	26
ENSGMOG00000006999	648
ENSGMOG00000007018	1539
ENSGMOG00000007040	130
ENSGMOG00000007060	1834
ENSGMOG00000007082	13130
ENSGMOG00000007111	2301
ENSGMOG00000007116	323
ENSGMOG00000007134	400
ENSGMOG00000007162	1363
ENSGMOG00000007170	359
ENSGMOG00000017665	2894
ENSGMOG00000017705	1161
ENSGMOG00000017720	177
ENSGMOG00000017736	0
ENSGMOG00000019835	663
ENSGMOG00000017786	4629
ENSGMOG00000017805	1114
ENSGMOG00000017835	0
ENSGMOG00000017856	767
ENSGMOG00000017885	374
ENSGMOG00000017896	177
ENSGMOG00000019837	0
ENSGMOG00000017907	27116
ENSGMOG00000017911	2
ENSGMOG00000017958	0
ENSGMOG00000017965	2208
ENSGMOG00000017982	466
ENSGMOG00000017994	1638
ENSGMOG00000018028	151
ENSGMOG00000018038	586
ENSGMOG00000018173	1631
ENSGMOG00000018190	461
ENSGMOG00000016960	0
ENSGMOG00000016969	555
ENSGMOG00000017009	549
ENSGMOG00000017031	0
ENSGMOG00000017035	19
ENSGMOG00000017062	1208
ENSGMOG00000017072	327
ENSGMOG00000017094	3929
ENSGMOG00000017102	216
ENSGMOG00000017110	383
ENSGMOG00000017131	1094
ENSGMOG00000017170	77
ENSGMOG00000017230	212
ENSGMOG00000017263	49
ENSGMOG00000017281	4621
ENSGMOG00000021866	1
ENSGMOG00000021313	3
ENSGMOG00000021657	1
ENSGMOG00000019806	0
ENSGMOG00000021390	4
ENSGMOG00000017295	17
ENSGMOG00000017320	220
ENSGMOG00000017364	340
ENSGMOG00000017403	23
ENSGMOG00000017436	4
ENSGMOG00000017487	86
ENSGMOG00000017529	148
ENSGMOG00000019807	2168
ENSGMOG00000017538	3278
ENSGMOG00000017550	1039
ENSGMOG00000017596	56
ENSGMOG00000017613	1022
ENSGMOG00000017622	23
ENSGMOG00000019808	0
ENSGMOG00000017631	3969
ENSGMOG00000017656	566
ENSGMOG00000017679	122
ENSGMOG00000017701	342
ENSGMOG00000017723	423
ENSGMOG00000017751	0
ENSGMOG00000017767	0
ENSGMOG00000017791	9
ENSGMOG00000017807	490
ENSGMOG00000017831	4308
ENSGMOG00000017997	142
ENSGMOG00000018048	11
ENSGMOG00000018061	1248
ENSGMOG00000018087	13
ENSGMOG00000018097	737
ENSGMOG00000018121	2550
ENSGMOG00000018137	0
ENSGMOG00000018150	3
ENSGMOG00000018162	664
ENSGMOG00000018174	681
ENSGMOG00000018188	3
ENSGMOG00000018192	738
ENSGMOG00000018316	23
ENSGMOG00000018325	229
ENSGMOG00000010682	7
ENSGMOG00000010691	155
ENSGMOG00000010706	188
ENSGMOG00000010719	613
ENSGMOG00000010731	1923
ENSGMOG00000020865	49
ENSGMOG00000021025	188
ENSGMOG00000010743	70
ENSGMOG00000020561	1
ENSGMOG00000010870	2
ENSGMOG00000010895	211
ENSGMOG00000010904	112
ENSGMOG00000010905	406
ENSGMOG00000021265	0
ENSGMOG00000021882	0
ENSGMOG00000010927	4
ENSGMOG00000010981	0
ENSGMOG00000010986	0
ENSGMOG00000020562	0
ENSGMOG00000010990	6
ENSGMOG00000011003	1
ENSGMOG00000011010	0
ENSGMOG00000021611	63
ENSGMOG00000011020	0
ENSGMOG00000011035	10997
ENSGMOG00000020678	8
ENSGMOG00000011058	676
ENSGMOG00000011070	12
ENSGMOG00000011086	14
ENSGMOG00000011093	126
ENSGMOG00000011107	1
ENSGMOG00000011111	16032
ENSGMOG00000011126	27
ENSGMOG00000011133	0
ENSGMOG00000011146	0
ENSGMOG00000011148	3
ENSGMOG00000011155	0
ENSGMOG00000011163	24
ENSGMOG00000011192	1
ENSGMOG00000011204	407
ENSGMOG00000011211	66
ENSGMOG00000011244	782
ENSGMOG00000011256	20
ENSGMOG00000007435	139
ENSGMOG00000007438	338
ENSGMOG00000007444	589
ENSGMOG00000007450	3
ENSGMOG00000007491	0
ENSGMOG00000007494	186
ENSGMOG00000007547	1
ENSGMOG00000007555	375
ENSGMOG00000007567	1074
ENSGMOG00000007585	8
ENSGMOG00000007598	11
ENSGMOG00000007603	351
ENSGMOG00000007611	0
ENSGMOG00000007620	215
ENSGMOG00000007630	658
ENSGMOG00000007645	0
ENSGMOG00000007656	0
ENSGMOG00000007665	1393
ENSGMOG00000007676	1155
ENSGMOG00000007688	1540
ENSGMOG00000007695	275
ENSGMOG00000007701	2426
ENSGMOG00000007707	741
ENSGMOG00000007715	942
ENSGMOG00000021519	3
ENSGMOG00000021200	0
ENSGMOG00000007735	578
ENSGMOG00000008169	5
ENSGMOG00000008171	16
ENSGMOG00000021110	0
ENSGMOG00000008176	343
ENSGMOG00000008181	776
ENSGMOG00000008183	6
ENSGMOG00000008190	8
ENSGMOG00000008193	1215
ENSGMOG00000008199	3
ENSGMOG00000008201	456
ENSGMOG00000008207	15
ENSGMOG00000008210	34621
ENSGMOG00000008217	159
ENSGMOG00000008221	0
ENSGMOG00000008225	110
ENSGMOG00000008227	362
ENSGMOG00000008234	21
ENSGMOG00000008238	3
ENSGMOG00000008246	2178
ENSGMOG00000008251	645
ENSGMOG00000008255	377
ENSGMOG00000008260	6715
ENSGMOG00000008270	1
ENSGMOG00000008271	3
ENSGMOG00000008273	27
ENSGMOG00000008275	2308
ENSGMOG00000008279	2
ENSGMOG00000008282	417
ENSGMOG00000008283	1339
ENSGMOG00000008285	502
ENSGMOG00000008287	1
ENSGMOG00000008288	0
ENSGMOG00000008289	244
ENSGMOG00000008290	280
ENSGMOG00000008292	2423
ENSGMOG00000008297	87
ENSGMOG00000008300	2798
ENSGMOG00000008303	1997
ENSGMOG00000008305	4665
ENSGMOG00000008306	0
ENSGMOG00000008308	1671
ENSGMOG00000008311	680
ENSGMOG00000008314	280
ENSGMOG00000008324	1397
ENSGMOG00000008327	9967
ENSGMOG00000020728	0
ENSGMOG00000021433	0
ENSGMOG00000008339	364
ENSGMOG00000008343	0
ENSGMOG00000008344	2350
ENSGMOG00000008348	7
ENSGMOG00000007127	2479
ENSGMOG00000007130	10
ENSGMOG00000007163	3
ENSGMOG00000007169	14
ENSGMOG00000007176	59
ENSGMOG00000007186	672
ENSGMOG00000007190	4
ENSGMOG00000007198	0
ENSGMOG00000007204	164
ENSGMOG00000007212	3451
ENSGMOG00000007222	124
ENSGMOG00000007226	173
ENSGMOG00000007227	5
ENSGMOG00000007235	10
ENSGMOG00000007244	1781
ENSGMOG00000007252	466
ENSGMOG00000007259	1176
ENSGMOG00000007276	13
ENSGMOG00000007288	0
ENSGMOG00000007310	1643
ENSGMOG00000007332	71
ENSGMOG00000007339	618
ENSGMOG00000021109	0
ENSGMOG00000007353	2494
ENSGMOG00000007356	436
ENSGMOG00000007368	218
ENSGMOG00000007385	0
ENSGMOG00000007388	271
ENSGMOG00000008703	4
ENSGMOG00000008723	54
ENSGMOG00000008735	71
ENSGMOG00000008750	47
ENSGMOG00000008759	2389
ENSGMOG00000008771	905
ENSGMOG00000008776	9493
ENSGMOG00000021664	2
ENSGMOG00000021969	10
ENSGMOG00000008787	1371
ENSGMOG00000008825	3612
ENSGMOG00000008838	1344
ENSGMOG00000008849	1340
ENSGMOG00000008858	356
ENSGMOG00000008866	193
ENSGMOG00000008872	1010
ENSGMOG00000008888	1541
ENSGMOG00000008891	6056
ENSGMOG00000019862	24
ENSGMOG00000008907	119
ENSGMOG00000008928	4787
ENSGMOG00000008940	14
ENSGMOG00000008962	6
ENSGMOG00000008972	273
ENSGMOG00000009002	0
ENSGMOG00000009009	1084
ENSGMOG00000009036	2187
ENSGMOG00000009047	5019
ENSGMOG00000019864	2
ENSGMOG00000009061	0
ENSGMOG00000009074	243
ENSGMOG00000009080	1089
ENSGMOG00000009091	186
ENSGMOG00000009105	6
ENSGMOG00000009111	599
ENSGMOG00000009122	214
ENSGMOG00000009151	3753
ENSGMOG00000009166	1235
ENSGMOG00000009212	149
ENSGMOG00000009226	866
ENSGMOG00000009267	525
ENSGMOG00000009285	172
ENSGMOG00000009299	699
ENSGMOG00000013709	0
ENSGMOG00000013718	444
ENSGMOG00000013738	1
ENSGMOG00000013742	0
ENSGMOG00000013815	199
ENSGMOG00000020505	50
ENSGMOG00000013842	7
ENSGMOG00000020506	221
ENSGMOG00000020508	678
ENSGMOG00000013871	649
ENSGMOG00000013947	625
ENSGMOG00000014011	0
ENSGMOG00000014071	15
ENSGMOG00000014121	0
ENSGMOG00000014142	0
ENSGMOG00000014516	0
ENSGMOG00000014533	0
ENSGMOG00000014705	0
ENSGMOG00000020509	0
ENSGMOG00000014748	0
ENSGMOG00000014759	0
ENSGMOG00000014773	0
ENSGMOG00000020510	0
ENSGMOG00000014824	0
ENSGMOG00000014833	0
ENSGMOG00000014862	14
ENSGMOG00000014872	0
ENSGMOG00000014881	0
ENSGMOG00000014919	0
ENSGMOG00000014974	0
ENSGMOG00000015015	0
ENSGMOG00000015285	0
ENSGMOG00000015461	0
ENSGMOG00000015492	0
ENSGMOG00000015499	0
ENSGMOG00000011323	50
ENSGMOG00000020140	521
ENSGMOG00000011334	20
ENSGMOG00000011339	15
ENSGMOG00000011346	510
ENSGMOG00000011369	183
ENSGMOG00000020141	568
ENSGMOG00000011377	228
ENSGMOG00000011386	13
ENSGMOG00000011390	680
ENSGMOG00000011420	205
ENSGMOG00000011429	17
ENSGMOG00000011445	133
ENSGMOG00000011451	481
ENSGMOG00000011466	1275
ENSGMOG00000011493	1094
ENSGMOG00000011508	14
ENSGMOG00000011517	697
ENSGMOG00000011525	755
ENSGMOG00000011539	736
ENSGMOG00000011552	746
ENSGMOG00000011564	12
ENSGMOG00000011583	589
ENSGMOG00000011596	29
ENSGMOG00000011601	9
ENSGMOG00000011613	5
ENSGMOG00000011634	0
ENSGMOG00000011649	1686
ENSGMOG00000011670	50
ENSGMOG00000011674	117
ENSGMOG00000011680	72
ENSGMOG00000011685	9
ENSGMOG00000011691	455
ENSGMOG00000011695	3159
ENSGMOG00000011701	905
ENSGMOG00000011707	267
ENSGMOG00000011711	1720
ENSGMOG00000011721	4
ENSGMOG00000011755	2
ENSGMOG00000011764	327
ENSGMOG00000011770	2
ENSGMOG00000011777	46
ENSGMOG00000011786	156
ENSGMOG00000011792	3479
ENSGMOG00000020142	0
ENSGMOG00000011796	1
ENSGMOG00000014235	362
ENSGMOG00000014259	1493
ENSGMOG00000014280	2588
ENSGMOG00000014328	127
ENSGMOG00000014496	1148
ENSGMOG00000014514	238
ENSGMOG00000014540	1264
ENSGMOG00000014584	567
ENSGMOG00000014608	9
ENSGMOG00000014618	1013
ENSGMOG00000014636	470
ENSGMOG00000014679	409
ENSGMOG00000014707	0
ENSGMOG00000014717	122
ENSGMOG00000014769	324
ENSGMOG00000020095	381
ENSGMOG00000014780	180
ENSGMOG00000014800	24
ENSGMOG00000014873	8343
ENSGMOG00000014923	2060
ENSGMOG00000014936	572
ENSGMOG00000014951	30
ENSGMOG00000014969	459
ENSGMOG00000015065	241
ENSGMOG00000015080	168
ENSGMOG00000015100	2
ENSGMOG00000020096	0
ENSGMOG00000015125	2
ENSGMOG00000015135	801
ENSGMOG00000015155	617
ENSGMOG00000015193	506
ENSGMOG00000015254	3997
ENSGMOG00000016655	116
ENSGMOG00000016670	848
ENSGMOG00000016691	0
ENSGMOG00000016712	209
ENSGMOG00000016727	10
ENSGMOG00000017115	32
ENSGMOG00000017138	588
ENSGMOG00000017191	213
ENSGMOG00000017254	2
ENSGMOG00000017268	1007
ENSGMOG00000017285	1578
ENSGMOG00000021322	0
ENSGMOG00000017376	252
ENSGMOG00000017433	1378
ENSGMOG00000017497	3082
ENSGMOG00000017504	348
ENSGMOG00000017547	1135
ENSGMOG00000017577	3192
ENSGMOG00000017636	1135
ENSGMOG00000017663	101
ENSGMOG00000017782	603
ENSGMOG00000021764	0
ENSGMOG00000017815	250
ENSGMOG00000017828	40
ENSGMOG00000017837	15
ENSGMOG00000017862	4090
ENSGMOG00000017894	581
ENSGMOG00000017927	51
ENSGMOG00000017938	5594
ENSGMOG00000017945	52
ENSGMOG00000017960	925
ENSGMOG00000017976	153
ENSGMOG00000017988	16
ENSGMOG00000018011	1998
ENSGMOG00000018045	0
ENSGMOG00000018054	0
ENSGMOG00000018085	1741
ENSGMOG00000018115	1100
ENSGMOG00000014563	0
ENSGMOG00000014573	45
ENSGMOG00000014585	3399
ENSGMOG00000014606	1511
ENSGMOG00000014660	1
ENSGMOG00000014667	809
ENSGMOG00000014681	36
ENSGMOG00000014693	217
ENSGMOG00000014713	6
ENSGMOG00000014720	1
ENSGMOG00000014727	2
ENSGMOG00000014733	1555
ENSGMOG00000014791	3548
ENSGMOG00000014798	193
ENSGMOG00000014823	2975
ENSGMOG00000014856	15
ENSGMOG00000014869	1497
ENSGMOG00000014915	8
ENSGMOG00000020109	24
ENSGMOG00000014928	357
ENSGMOG00000014949	192
ENSGMOG00000014966	35
ENSGMOG00000014985	145
ENSGMOG00000015058	1369
ENSGMOG00000015149	789
ENSGMOG00000015214	0
ENSGMOG00000015232	282
ENSGMOG00000015248	19
ENSGMOG00000020110	0
ENSGMOG00000020111	0
ENSGMOG00000015798	111
ENSGMOG00000015803	672
ENSGMOG00000015816	7
ENSGMOG00000015827	7460
ENSGMOG00000015847	27
ENSGMOG00000015864	202
ENSGMOG00000020882	0
ENSGMOG00000015885	2725
ENSGMOG00000015908	0
ENSGMOG00000015922	101
ENSGMOG00000016119	80
ENSGMOG00000021842	2
ENSGMOG00000016150	324
ENSGMOG00000021027	0
ENSGMOG00000016175	133
ENSGMOG00000020322	1505
ENSGMOG00000016186	386
ENSGMOG00000020323	0
ENSGMOG00000016231	0
ENSGMOG00000016335	34
ENSGMOG00000016349	5849
ENSGMOG00000016362	2328
ENSGMOG00000016405	103
ENSGMOG00000016424	955
ENSGMOG00000016453	1
ENSGMOG00000016472	1
ENSGMOG00000016487	926
ENSGMOG00000016506	1
ENSGMOG00000016535	2
ENSGMOG00000016548	4
ENSGMOG00000016559	1383
ENSGMOG00000016571	0
ENSGMOG00000016580	0
ENSGMOG00000016602	234
ENSGMOG00000016622	18
ENSGMOG00000016634	475
ENSGMOG00000016684	24
ENSGMOG00000016709	3
ENSGMOG00000016738	684
ENSGMOG00000016789	9
ENSGMOG00000011558	124
ENSGMOG00000011574	144
ENSGMOG00000011586	886
ENSGMOG00000011598	1
ENSGMOG00000011604	19
ENSGMOG00000011637	740
ENSGMOG00000011651	103
ENSGMOG00000021703	6
ENSGMOG00000020821	32
ENSGMOG00000022134	9
ENSGMOG00000021428	25
ENSGMOG00000011657	44
ENSGMOG00000011664	374
ENSGMOG00000011671	696
ENSGMOG00000011710	92
ENSGMOG00000011714	986
ENSGMOG00000011724	1169
ENSGMOG00000011784	323
ENSGMOG00000011790	261
ENSGMOG00000011800	1049
ENSGMOG00000011805	857
ENSGMOG00000011821	47
ENSGMOG00000011834	151
ENSGMOG00000011841	6
ENSGMOG00000011847	738
ENSGMOG00000011854	0
ENSGMOG00000011862	0
ENSGMOG00000011870	0
ENSGMOG00000011892	0
ENSGMOG00000014977	0
ENSGMOG00000015004	4
ENSGMOG00000015101	9
ENSGMOG00000015133	2489
ENSGMOG00000015166	1
ENSGMOG00000015180	3
ENSGMOG00000015208	225
ENSGMOG00000015229	24
ENSGMOG00000015251	222
ENSGMOG00000015266	82
ENSGMOG00000015353	743
ENSGMOG00000015362	66
ENSGMOG00000015382	33
ENSGMOG00000015393	20
ENSGMOG00000015407	438
ENSGMOG00000015494	32
ENSGMOG00000015498	1098
ENSGMOG00000015535	9377
ENSGMOG00000015545	68
ENSGMOG00000015571	3
ENSGMOG00000015643	1759
ENSGMOG00000015657	10765
ENSGMOG00000015670	982
ENSGMOG00000015676	2058
ENSGMOG00000015776	521
ENSGMOG00000015791	470
ENSGMOG00000015809	1623
ENSGMOG00000015993	1
ENSGMOG00000016018	0
ENSGMOG00000016039	387
ENSGMOG00000016069	0
ENSGMOG00000016165	0
ENSGMOG00000016176	1
ENSGMOG00000016234	0
ENSGMOG00000016243	45
ENSGMOG00000016262	3
ENSGMOG00000016292	409
ENSGMOG00000016306	768
ENSGMOG00000016352	0
ENSGMOG00000016378	142
ENSGMOG00000016415	4088
ENSGMOG00000016471	13
ENSGMOG00000016503	138
ENSGMOG00000019926	490
ENSGMOG00000016512	184
ENSGMOG00000000227	727
ENSGMOG00000000243	1
ENSGMOG00000000267	0
ENSGMOG00000000269	5
ENSGMOG00000000279	46
ENSGMOG00000000283	0
ENSGMOG00000000286	73
ENSGMOG00000019761	0
ENSGMOG00000020908	0
ENSGMOG00000000293	129
ENSGMOG00000019762	29
ENSGMOG00000000303	9
ENSGMOG00000000320	152
ENSGMOG00000000351	2
ENSGMOG00000000362	189
ENSGMOG00000000370	2
ENSGMOG00000000391	2534
ENSGMOG00000019763	4
ENSGMOG00000000404	0
ENSGMOG00000000433	18
ENSGMOG00000000461	1
ENSGMOG00000000475	1017
ENSGMOG00000000489	5
ENSGMOG00000000507	65
ENSGMOG00000000515	187
ENSGMOG00000000531	160
ENSGMOG00000019764	52
ENSGMOG00000000553	2210
ENSGMOG00000000570	247
ENSGMOG00000013611	543
ENSGMOG00000013643	1306
ENSGMOG00000013661	4968
ENSGMOG00000013671	411
ENSGMOG00000013700	0
ENSGMOG00000013715	271
ENSGMOG00000013792	852
ENSGMOG00000020499	0
ENSGMOG00000013864	17
ENSGMOG00000013891	4
ENSGMOG00000013924	0
ENSGMOG00000013964	158
ENSGMOG00000013997	12
ENSGMOG00000014037	107
ENSGMOG00000014107	138
ENSGMOG00000014136	2119
ENSGMOG00000014161	3
ENSGMOG00000014183	27
ENSGMOG00000014189	554
ENSGMOG00000014221	0
ENSGMOG00000014232	20
ENSGMOG00000014292	0
ENSGMOG00000014307	510
ENSGMOG00000014321	696
ENSGMOG00000014376	207
ENSGMOG00000014445	10
ENSGMOG00000016950	445
ENSGMOG00000016970	704
ENSGMOG00000016981	1645
ENSGMOG00000019805	539
ENSGMOG00000017004	299
ENSGMOG00000017045	162
ENSGMOG00000017059	485
ENSGMOG00000017150	0
ENSGMOG00000017168	0
ENSGMOG00000021713	2
ENSGMOG00000017182	1
ENSGMOG00000017206	212
ENSGMOG00000017227	5
ENSGMOG00000017258	0
ENSGMOG00000017272	524
ENSGMOG00000017307	407
ENSGMOG00000017323	1
ENSGMOG00000017333	1855
ENSGMOG00000017347	11
ENSGMOG00000017408	131
ENSGMOG00000017430	2
ENSGMOG00000017462	9109
ENSGMOG00000017486	3
ENSGMOG00000021568	0
ENSGMOG00000017523	1469
ENSGMOG00000017537	591
ENSGMOG00000017555	341
ENSGMOG00000017568	59
ENSGMOG00000002118	21
ENSGMOG00000002176	18
ENSGMOG00000002191	4
ENSGMOG00000002265	147
ENSGMOG00000002347	408
ENSGMOG00000002413	208
ENSGMOG00000002437	40400
ENSGMOG00000002465	1989
ENSGMOG00000002525	8
ENSGMOG00000021358	0
ENSGMOG00000010285	991
ENSGMOG00000010296	631
ENSGMOG00000010315	1884
ENSGMOG00000010336	2578
ENSGMOG00000010355	1432
ENSGMOG00000021943	0
ENSGMOG00000021202	0
ENSGMOG00000010364	896
ENSGMOG00000010378	0
ENSGMOG00000010382	1404
ENSGMOG00000010399	47163
ENSGMOG00000010409	107
ENSGMOG00000010418	7
ENSGMOG00000010436	295
ENSGMOG00000010453	304
ENSGMOG00000010475	10
ENSGMOG00000010506	178
ENSGMOG00000010529	398
ENSGMOG00000010534	131
ENSGMOG00000010544	134
ENSGMOG00000010551	552
ENSGMOG00000010562	1154
ENSGMOG00000010596	120
ENSGMOG00000010606	403
ENSGMOG00000010611	8
ENSGMOG00000002123	1598
ENSGMOG00000002145	21
ENSGMOG00000002156	0
ENSGMOG00000002180	30
ENSGMOG00000002218	2
ENSGMOG00000002240	6
ENSGMOG00000002261	720
ENSGMOG00000002276	636
ENSGMOG00000002297	521
ENSGMOG00000002333	4
ENSGMOG00000002378	2404
ENSGMOG00000002394	2081
ENSGMOG00000002412	128
ENSGMOG00000002433	19
ENSGMOG00000002452	0
ENSGMOG00000002483	658
ENSGMOG00000002508	0
ENSGMOG00000002543	0
ENSGMOG00000002548	777
ENSGMOG00000002654	190
ENSGMOG00000002672	0
ENSGMOG00000002684	0
ENSGMOG00000002724	151
ENSGMOG00000002777	228
ENSGMOG00000002813	17
ENSGMOG00000002832	46573
ENSGMOG00000002842	168
ENSGMOG00000020170	111
ENSGMOG00000002859	1
ENSGMOG00000002905	584
ENSGMOG00000002959	51
ENSGMOG00000002987	6
ENSGMOG00000003021	33
ENSGMOG00000003045	28
ENSGMOG00000003072	276
ENSGMOG00000020171	1
ENSGMOG00000003093	137
ENSGMOG00000003136	81
ENSGMOG00000003145	156
ENSGMOG00000003178	72
ENSGMOG00000003199	51
ENSGMOG00000006486	72
ENSGMOG00000006500	240
ENSGMOG00000006602	477
ENSGMOG00000006679	173
ENSGMOG00000006693	13
ENSGMOG00000006696	288
ENSGMOG00000006716	66
ENSGMOG00000006728	125
ENSGMOG00000006747	66
ENSGMOG00000006763	365
ENSGMOG00000006786	4
ENSGMOG00000006795	5297
ENSGMOG00000006810	4
ENSGMOG00000006822	408
ENSGMOG00000006834	589
ENSGMOG00000006853	541
ENSGMOG00000021015	0
ENSGMOG00000006924	216
ENSGMOG00000006930	51
ENSGMOG00000006948	1327
ENSGMOG00000020232	0
ENSGMOG00000006978	3206
ENSGMOG00000006990	0
ENSGMOG00000006996	3
ENSGMOG00000018703	99
ENSGMOG00000018721	362
ENSGMOG00000018729	0
ENSGMOG00000018741	3
ENSGMOG00000018750	2
ENSGMOG00000018762	836
ENSGMOG00000018773	1218
ENSGMOG00000018804	0
ENSGMOG00000018874	98
ENSGMOG00000018906	42
ENSGMOG00000018922	0
ENSGMOG00000018932	2494
ENSGMOG00000018952	2
ENSGMOG00000001639	0
ENSGMOG00000001675	22
ENSGMOG00000001689	23
ENSGMOG00000001729	9
ENSGMOG00000001778	126
ENSGMOG00000001792	337
ENSGMOG00000001816	164
ENSGMOG00000001829	189
ENSGMOG00000001842	12
ENSGMOG00000001855	0
ENSGMOG00000001867	0
ENSGMOG00000001878	0
ENSGMOG00000001894	29
ENSGMOG00000001901	1
ENSGMOG00000020886	0
ENSGMOG00000021695	0
ENSGMOG00000020874	0
ENSGMOG00000021293	1
ENSGMOG00000021377	3
ENSGMOG00000021228	4
ENSGMOG00000001908	7
ENSGMOG00000001926	1
ENSGMOG00000019987	0
ENSGMOG00000001948	215
ENSGMOG00000001997	146
ENSGMOG00000002016	45
ENSGMOG00000002030	44
ENSGMOG00000002042	4107
ENSGMOG00000002073	1204
ENSGMOG00000002150	0
ENSGMOG00000002161	592
ENSGMOG00000008699	91
ENSGMOG00000008708	2
ENSGMOG00000008714	21
ENSGMOG00000008720	23
ENSGMOG00000008729	650
ENSGMOG00000008753	610
ENSGMOG00000008777	602
ENSGMOG00000008783	14
ENSGMOG00000008789	3668
ENSGMOG00000008806	76
ENSGMOG00000008848	386
ENSGMOG00000008862	0
ENSGMOG00000008875	141
ENSGMOG00000008943	146
ENSGMOG00000008968	66
ENSGMOG00000008975	4858
ENSGMOG00000021311	17
ENSGMOG00000008987	181
ENSGMOG00000008995	638
ENSGMOG00000009015	662
ENSGMOG00000009029	1725
ENSGMOG00000009045	2
ENSGMOG00000009066	24
ENSGMOG00000009082	8024
ENSGMOG00000009089	733
ENSGMOG00000009093	964
ENSGMOG00000009099	7892
ENSGMOG00000009109	58
ENSGMOG00000009135	3119
ENSGMOG00000009147	85
ENSGMOG00000009158	814
ENSGMOG00000017492	1410
ENSGMOG00000021273	23
ENSGMOG00000017517	1271
ENSGMOG00000017530	235
ENSGMOG00000017544	0
ENSGMOG00000017553	512
ENSGMOG00000017597	1075
ENSGMOG00000017617	327
ENSGMOG00000017632	1547
ENSGMOG00000017644	14
ENSGMOG00000017652	160
ENSGMOG00000017681	13
ENSGMOG00000017689	1837
ENSGMOG00000017696	17
ENSGMOG00000017728	3579
ENSGMOG00000017741	2289
ENSGMOG00000017746	9
ENSGMOG00000017770	12
ENSGMOG00000017775	2
ENSGMOG00000017809	33
ENSGMOG00000017830	81
ENSGMOG00000017848	61
ENSGMOG00000017879	14082
ENSGMOG00000017899	1936
ENSGMOG00000017951	15
ENSGMOG00000017972	375
ENSGMOG00000018020	660
ENSGMOG00000018072	1
ENSGMOG00000018081	0
ENSGMOG00000018090	452
ENSGMOG00000018101	0
ENSGMOG00000018122	710
ENSGMOG00000018183	443
ENSGMOG00000018210	0
ENSGMOG00000018307	351
ENSGMOG00000018329	0
ENSGMOG00000018347	86
ENSGMOG00000018368	3
ENSGMOG00000018377	88
ENSGMOG00000018398	2051
ENSGMOG00000018427	133
ENSGMOG00000018449	22
ENSGMOG00000018479	2307
ENSGMOG00000019829	1
ENSGMOG00000018525	1
ENSGMOG00000018554	27
ENSGMOG00000018569	8
ENSGMOG00000018586	0
ENSGMOG00000018617	73
ENSGMOG00000018802	21
ENSGMOG00000018811	19
ENSGMOG00000018820	1238
ENSGMOG00000018865	3709
ENSGMOG00000018902	481
ENSGMOG00000015881	312
ENSGMOG00000021298	5
ENSGMOG00000015928	44501
ENSGMOG00000021856	2
ENSGMOG00000020943	12
ENSGMOG00000021802	0
ENSGMOG00000015937	803
ENSGMOG00000015949	950
ENSGMOG00000015967	252
ENSGMOG00000015985	646
ENSGMOG00000016091	414
ENSGMOG00000016107	77
ENSGMOG00000016113	765
ENSGMOG00000016141	872
ENSGMOG00000016162	132
ENSGMOG00000016178	1784
ENSGMOG00000016253	895
ENSGMOG00000016269	51
ENSGMOG00000016278	983
ENSGMOG00000016285	1945
ENSGMOG00000020327	205
ENSGMOG00000016308	1548
ENSGMOG00000016387	4759
ENSGMOG00000016501	103
ENSGMOG00000021131	0
ENSGMOG00000016593	2337
ENSGMOG00000016735	1
ENSGMOG00000016798	25
ENSGMOG00000016873	260
ENSGMOG00000016912	4118
ENSGMOG00000016986	759
ENSGMOG00000016997	14757
ENSGMOG00000021073	75
ENSGMOG00000021545	1
ENSGMOG00000017008	0
ENSGMOG00000020328	0
ENSGMOG00000017024	226
ENSGMOG00000017068	10
ENSGMOG00000017079	572
ENSGMOG00000017093	0
ENSGMOG00000014687	39
ENSGMOG00000014706	0
ENSGMOG00000014755	1
ENSGMOG00000014855	0
ENSGMOG00000015002	0
ENSGMOG00000015033	6
ENSGMOG00000015042	211
ENSGMOG00000015064	1217
ENSGMOG00000015196	0
ENSGMOG00000015263	1
ENSGMOG00000015286	3
ENSGMOG00000015308	0
ENSGMOG00000015335	190
ENSGMOG00000015381	3
ENSGMOG00000015419	3
ENSGMOG00000015431	425
ENSGMOG00000015459	91
ENSGMOG00000015515	852
ENSGMOG00000015521	24
ENSGMOG00000011893	161
ENSGMOG00000011904	647
ENSGMOG00000011911	2790
ENSGMOG00000011915	73
ENSGMOG00000011919	226
ENSGMOG00000011930	48
ENSGMOG00000011941	153
ENSGMOG00000011948	32
ENSGMOG00000011953	529
ENSGMOG00000011958	1486
ENSGMOG00000021887	1
ENSGMOG00000020748	9
ENSGMOG00000011965	47
ENSGMOG00000011967	378
ENSGMOG00000011975	14
ENSGMOG00000011980	459
ENSGMOG00000011986	0
ENSGMOG00000011989	5
ENSGMOG00000011994	20
ENSGMOG00000012001	0
ENSGMOG00000012004	0
ENSGMOG00000012009	402
ENSGMOG00000012016	177
ENSGMOG00000012024	245
ENSGMOG00000012030	3493
ENSGMOG00000012035	117
ENSGMOG00000012037	177
ENSGMOG00000012044	290
ENSGMOG00000020570	0
ENSGMOG00000012048	1369
ENSGMOG00000000298	43
ENSGMOG00000000302	0
ENSGMOG00000000312	12
ENSGMOG00000000319	87
ENSGMOG00000000323	4944
ENSGMOG00000000327	177
ENSGMOG00000000332	0
ENSGMOG00000000335	1069
ENSGMOG00000000341	700
ENSGMOG00000000357	502
ENSGMOG00000000372	1372
ENSGMOG00000015641	2977
ENSGMOG00000015677	2173
ENSGMOG00000015724	0
ENSGMOG00000015741	55
ENSGMOG00000015782	1
ENSGMOG00000015835	586
ENSGMOG00000015893	3334
ENSGMOG00000015945	214
ENSGMOG00000015983	0
ENSGMOG00000015987	897
ENSGMOG00000016028	116
ENSGMOG00000016042	606
ENSGMOG00000016089	2095
ENSGMOG00000016127	0
ENSGMOG00000016160	86
ENSGMOG00000016227	336
ENSGMOG00000020316	3
ENSGMOG00000016263	2146
ENSGMOG00000002921	26698
ENSGMOG00000002960	15
ENSGMOG00000002982	1
ENSGMOG00000002995	6860
ENSGMOG00000003018	772
ENSGMOG00000003035	201
ENSGMOG00000003059	4
ENSGMOG00000003066	329
ENSGMOG00000003129	107
ENSGMOG00000003159	689
ENSGMOG00000003324	3449
ENSGMOG00000003350	711
ENSGMOG00000003381	146
ENSGMOG00000003405	167
ENSGMOG00000003449	2292
ENSGMOG00000002583	330
ENSGMOG00000002600	83
ENSGMOG00000002634	18
ENSGMOG00000002658	0
ENSGMOG00000002663	81
ENSGMOG00000002733	365
ENSGMOG00000002756	0
ENSGMOG00000020198	85
ENSGMOG00000002822	360
ENSGMOG00000002855	1111
ENSGMOG00000002879	2813
ENSGMOG00000002912	3224
ENSGMOG00000002937	37
ENSGMOG00000002970	353
ENSGMOG00000003042	310
ENSGMOG00000003085	432
ENSGMOG00000003095	6469
ENSGMOG00000004779	394
ENSGMOG00000004825	905
ENSGMOG00000004868	6129
ENSGMOG00000004913	1702
ENSGMOG00000004955	5
ENSGMOG00000004967	0
ENSGMOG00000005010	0
ENSGMOG00000005025	55
ENSGMOG00000005032	1473
ENSGMOG00000005181	278
ENSGMOG00000005201	655
ENSGMOG00000005226	368
ENSGMOG00000005248	0
ENSGMOG00000005258	95
ENSGMOG00000005268	1
ENSGMOG00000005273	0
ENSGMOG00000005278	25
ENSGMOG00000005303	0
ENSGMOG00000005348	29
ENSGMOG00000005359	689
ENSGMOG00000005382	0
ENSGMOG00000005429	293
ENSGMOG00000005438	13
ENSGMOG00000005458	200
ENSGMOG00000005495	61
ENSGMOG00000005508	1024
ENSGMOG00000005537	1256
ENSGMOG00000005551	172
ENSGMOG00000005603	1
ENSGMOG00000005616	2
ENSGMOG00000005624	0
ENSGMOG00000005629	3
ENSGMOG00000005650	450
ENSGMOG00000005677	119
ENSGMOG00000005725	977
ENSGMOG00000005756	61
ENSGMOG00000003483	115
ENSGMOG00000003529	17
ENSGMOG00000003533	359
ENSGMOG00000003570	6444
ENSGMOG00000003601	1539
ENSGMOG00000003621	200
ENSGMOG00000003654	14
ENSGMOG00000003678	470
ENSGMOG00000003723	254
ENSGMOG00000003831	5
ENSGMOG00000003884	617
ENSGMOG00000003912	34
ENSGMOG00000003985	60
ENSGMOG00000003999	2229
ENSGMOG00000004075	3296
ENSGMOG00000004110	6
ENSGMOG00000010799	11612
ENSGMOG00000010807	225
ENSGMOG00000010815	209
ENSGMOG00000010822	115
ENSGMOG00000010832	611
ENSGMOG00000010842	255
ENSGMOG00000010867	67
ENSGMOG00000010873	824
ENSGMOG00000010891	3533
ENSGMOG00000010917	93
ENSGMOG00000010926	1
ENSGMOG00000010945	300
ENSGMOG00000010957	1036
ENSGMOG00000010975	0
ENSGMOG00000020871	211
ENSGMOG00000020895	3
ENSGMOG00000021315	1
ENSGMOG00000021336	1
ENSGMOG00000021838	0
ENSGMOG00000021959	0
ENSGMOG00000021415	218
ENSGMOG00000011032	1112
ENSGMOG00000011041	6058
ENSGMOG00000011046	4844
ENSGMOG00000011052	27
ENSGMOG00000011063	464
ENSGMOG00000011068	739
ENSGMOG00000011081	4
ENSGMOG00000011089	441
ENSGMOG00000011117	1
ENSGMOG00000011125	988
ENSGMOG00000011139	555
ENSGMOG00000011150	17
ENSGMOG00000021642	1508
ENSGMOG00000011154	390
ENSGMOG00000011174	827
ENSGMOG00000011202	0
ENSGMOG00000014075	2400
ENSGMOG00000014190	51
ENSGMOG00000014226	154
ENSGMOG00000014254	3586
ENSGMOG00000014283	1020
ENSGMOG00000014311	67
ENSGMOG00000020087	22
ENSGMOG00000014354	0
ENSGMOG00000014461	5
ENSGMOG00000014503	114
ENSGMOG00000014529	541
ENSGMOG00000014592	54
ENSGMOG00000014674	15
ENSGMOG00000014704	226
ENSGMOG00000014737	42
ENSGMOG00000014761	2
ENSGMOG00000014790	1498
ENSGMOG00000014834	35
ENSGMOG00000014909	0
ENSGMOG00000014921	182
ENSGMOG00000014981	0
ENSGMOG00000012874	3347
ENSGMOG00000012887	317
ENSGMOG00000012898	155
ENSGMOG00000012902	59
ENSGMOG00000012906	2247
ENSGMOG00000012919	544
ENSGMOG00000012933	247
ENSGMOG00000012938	1
ENSGMOG00000012948	40
ENSGMOG00000013020	3362
ENSGMOG00000013044	791
ENSGMOG00000013069	990
ENSGMOG00000013094	5
ENSGMOG00000013240	2
ENSGMOG00000013274	104
ENSGMOG00000013300	625
ENSGMOG00000013313	886
ENSGMOG00000013331	1
ENSGMOG00000013342	67
ENSGMOG00000013373	0
ENSGMOG00000013383	4
ENSGMOG00000013418	1471
ENSGMOG00000013439	25
ENSGMOG00000013451	19
ENSGMOG00000013461	139
ENSGMOG00000013470	216
ENSGMOG00000013480	287
ENSGMOG00000013505	3088
ENSGMOG00000013547	6235
ENSGMOG00000020471	1
ENSGMOG00000013555	1
ENSGMOG00000013561	631
ENSGMOG00000013579	129
ENSGMOG00000001962	842
ENSGMOG00000001976	61
ENSGMOG00000002002	409
ENSGMOG00000002025	90
ENSGMOG00000002065	4177
ENSGMOG00000002103	74
ENSGMOG00000002126	953
ENSGMOG00000002164	23
ENSGMOG00000002233	1
ENSGMOG00000002250	0
ENSGMOG00000002262	579
ENSGMOG00000002282	0
ENSGMOG00000002329	1926
ENSGMOG00000002358	35
ENSGMOG00000002374	118
ENSGMOG00000002397	639
ENSGMOG00000002439	16
ENSGMOG00000002464	0
ENSGMOG00000002497	19
ENSGMOG00000002507	66
ENSGMOG00000002578	899
ENSGMOG00000002623	298
ENSGMOG00000002643	708
ENSGMOG00000002664	3335
ENSGMOG00000002699	0
ENSGMOG00000002719	138
ENSGMOG00000002751	15
ENSGMOG00000002765	1790
ENSGMOG00000002850	224
ENSGMOG00000002892	13
ENSGMOG00000002910	114
ENSGMOG00000002940	9
ENSGMOG00000003008	11549
ENSGMOG00000003120	436
ENSGMOG00000003139	111
ENSGMOG00000003305	19
ENSGMOG00000003318	241
ENSGMOG00000005721	1
ENSGMOG00000005727	14
ENSGMOG00000005733	302
ENSGMOG00000005779	13
ENSGMOG00000007237	70
ENSGMOG00000007239	86
ENSGMOG00000007242	1186
ENSGMOG00000007249	1830
ENSGMOG00000007265	770
ENSGMOG00000007268	73
ENSGMOG00000007279	25572
ENSGMOG00000007287	198
ENSGMOG00000007295	30
ENSGMOG00000007300	18
ENSGMOG00000007311	185
ENSGMOG00000007320	401
ENSGMOG00000007340	181
ENSGMOG00000007343	272
ENSGMOG00000007361	340
ENSGMOG00000007367	4962
ENSGMOG00000007376	4
ENSGMOG00000007393	142
ENSGMOG00000007466	299
ENSGMOG00000007473	54
ENSGMOG00000020363	332
ENSGMOG00000007477	3959
ENSGMOG00000007478	32
ENSGMOG00000007483	537
ENSGMOG00000007496	0
ENSGMOG00000007499	5249
ENSGMOG00000007516	75
ENSGMOG00000007527	60
ENSGMOG00000007536	0
ENSGMOG00000021542	0
ENSGMOG00000007543	304
ENSGMOG00000008451	63
ENSGMOG00000008452	209
ENSGMOG00000008453	0
ENSGMOG00000008455	490
ENSGMOG00000008457	601
ENSGMOG00000008458	176
ENSGMOG00000020413	297
ENSGMOG00000008460	916
ENSGMOG00000008464	150
ENSGMOG00000008465	273
ENSGMOG00000008470	1436
ENSGMOG00000008480	591
ENSGMOG00000008486	1082
ENSGMOG00000008493	28875
ENSGMOG00000008495	633
ENSGMOG00000008502	84
ENSGMOG00000008507	245
ENSGMOG00000008509	1498
ENSGMOG00000008523	42
ENSGMOG00000008530	14086
ENSGMOG00000011215	0
ENSGMOG00000011221	42
ENSGMOG00000011229	8
ENSGMOG00000011246	54
ENSGMOG00000011255	19
ENSGMOG00000011267	108
ENSGMOG00000011277	1197
ENSGMOG00000011280	75
ENSGMOG00000011289	1434
ENSGMOG00000011298	1
ENSGMOG00000011301	539
ENSGMOG00000011307	7
ENSGMOG00000011316	830
ENSGMOG00000011338	2542
ENSGMOG00000011362	169
ENSGMOG00000011374	1143
ENSGMOG00000011381	1018
ENSGMOG00000020889	0
ENSGMOG00000020986	0
ENSGMOG00000011397	18
ENSGMOG00000011410	718
ENSGMOG00000011444	1560
ENSGMOG00000011472	4560
ENSGMOG00000011486	1546
ENSGMOG00000011506	44493
ENSGMOG00000011510	0
ENSGMOG00000011523	0
ENSGMOG00000011531	2
ENSGMOG00000022143	0
ENSGMOG00000011546	0
ENSGMOG00000011551	2
ENSGMOG00000011561	1569
ENSGMOG00000011566	3
ENSGMOG00000006669	0
ENSGMOG00000006674	1
ENSGMOG00000006681	0
ENSGMOG00000006686	39
ENSGMOG00000006703	1
ENSGMOG00000006727	0
ENSGMOG00000000940	0
ENSGMOG00000000953	68
ENSGMOG00000000982	0
ENSGMOG00000000987	1397
ENSGMOG00000000994	945
ENSGMOG00000001013	228
ENSGMOG00000001027	2611
ENSGMOG00000001042	2
ENSGMOG00000001050	25
ENSGMOG00000001059	9
ENSGMOG00000001093	45
ENSGMOG00000001105	903
ENSGMOG00000001132	0
ENSGMOG00000001155	2809
ENSGMOG00000001910	306
ENSGMOG00000001959	25
ENSGMOG00000001972	196
ENSGMOG00000019993	737
ENSGMOG00000001987	391
ENSGMOG00000002032	0
ENSGMOG00000002037	641
ENSGMOG00000002092	3
ENSGMOG00000002099	3760
ENSGMOG00000019994	52
ENSGMOG00000012103	44
ENSGMOG00000012108	0
ENSGMOG00000012110	319
ENSGMOG00000020586	332
ENSGMOG00000012140	0
ENSGMOG00000012142	0
ENSGMOG00000012147	3
ENSGMOG00000011134	35
ENSGMOG00000011176	60
ENSGMOG00000011184	106
ENSGMOG00000011198	257
ENSGMOG00000021871	66
ENSGMOG00000011232	2485
ENSGMOG00000011262	742
ENSGMOG00000011285	159
ENSGMOG00000011295	261
ENSGMOG00000011305	320
ENSGMOG00000011321	28
ENSGMOG00000011326	0
ENSGMOG00000011331	1254
ENSGMOG00000011347	0
ENSGMOG00000011359	0
ENSGMOG00000011373	0
ENSGMOG00000011409	732
ENSGMOG00000011424	5015
ENSGMOG00000011437	3065
ENSGMOG00000011447	2
ENSGMOG00000011457	2324
ENSGMOG00000011462	1
ENSGMOG00000011527	48
ENSGMOG00000011538	1263
ENSGMOG00000011543	60681
ENSGMOG00000011553	12
ENSGMOG00000011562	662
ENSGMOG00000011579	316
ENSGMOG00000011595	311
ENSGMOG00000011602	5
ENSGMOG00000011614	771
ENSGMOG00000011626	2136
ENSGMOG00000021043	0
ENSGMOG00000011642	2
ENSGMOG00000019794	1435
ENSGMOG00000000750	33
ENSGMOG00000000765	118
ENSGMOG00000000771	257
ENSGMOG00000000788	0
ENSGMOG00000000812	730
ENSGMOG00000000846	65
ENSGMOG00000001000	471
ENSGMOG00000001023	109
ENSGMOG00000001033	280
ENSGMOG00000001057	65
ENSGMOG00000001079	41
ENSGMOG00000001120	54
ENSGMOG00000001131	16
ENSGMOG00000001148	9
ENSGMOG00000001224	375
ENSGMOG00000001299	303
ENSGMOG00000001329	973
ENSGMOG00000019796	0
ENSGMOG00000001351	2
ENSGMOG00000001359	0
ENSGMOG00000001373	1084
ENSGMOG00000001392	35843
ENSGMOG00000001414	156
ENSGMOG00000001429	96
ENSGMOG00000001453	40
ENSGMOG00000021396	2
ENSGMOG00000001227	1679
ENSGMOG00000001241	446
ENSGMOG00000001253	446
ENSGMOG00000001278	0
ENSGMOG00000001290	104
ENSGMOG00000001298	20
ENSGMOG00000001306	28
ENSGMOG00000001311	1422
ENSGMOG00000001324	2
ENSGMOG00000001327	43
ENSGMOG00000001342	7052
ENSGMOG00000001355	3
ENSGMOG00000001397	0
ENSGMOG00000001407	387
ENSGMOG00000001428	1
ENSGMOG00000001436	10
ENSGMOG00000001527	1502
ENSGMOG00000001584	77
ENSGMOG00000001615	26
ENSGMOG00000001662	1921
ENSGMOG00000001670	716
ENSGMOG00000001764	450
ENSGMOG00000001807	417
ENSGMOG00000001824	1230
ENSGMOG00000001849	23
ENSGMOG00000001864	4
ENSGMOG00000001877	0
ENSGMOG00000001884	4
ENSGMOG00000001892	59
ENSGMOG00000001902	717
ENSGMOG00000001913	329
ENSGMOG00000001941	4
ENSGMOG00000001974	290
ENSGMOG00000001985	25
ENSGMOG00000002012	1186
ENSGMOG00000002027	0
ENSGMOG00000002052	0
ENSGMOG00000002084	239
ENSGMOG00000014734	4
ENSGMOG00000014746	1101
ENSGMOG00000014760	65
ENSGMOG00000014788	720
ENSGMOG00000014831	2887
ENSGMOG00000014851	1778
ENSGMOG00000014908	3871
ENSGMOG00000021535	0
ENSGMOG00000014976	6
ENSGMOG00000015016	230
ENSGMOG00000015031	1
ENSGMOG00000015052	0
ENSGMOG00000015097	69
ENSGMOG00000015134	2194
ENSGMOG00000015164	17658
ENSGMOG00000015176	822
ENSGMOG00000015224	1341
ENSGMOG00000015258	306
ENSGMOG00000015280	480
ENSGMOG00000015317	0
ENSGMOG00000015338	1174
ENSGMOG00000015359	3302
ENSGMOG00000015402	19
ENSGMOG00000015457	0
ENSGMOG00000015476	127
ENSGMOG00000015496	260
ENSGMOG00000015526	4
ENSGMOG00000015569	699
ENSGMOG00000015591	10385
ENSGMOG00000015610	48
ENSGMOG00000015615	4
ENSGMOG00000015638	5
ENSGMOG00000015661	291
ENSGMOG00000015685	1925
ENSGMOG00000015702	2
ENSGMOG00000015722	765
ENSGMOG00000015780	1666
ENSGMOG00000015812	1205
ENSGMOG00000015822	1812
ENSGMOG00000015841	56078
ENSGMOG00000016016	3388
ENSGMOG00000016203	4
ENSGMOG00000016222	213
ENSGMOG00000016280	202
ENSGMOG00000016289	18183
ENSGMOG00000016391	2723
ENSGMOG00000016447	4
ENSGMOG00000016469	1
ENSGMOG00000016509	5
ENSGMOG00000016547	2056
ENSGMOG00000016573	78
ENSGMOG00000016585	2081
ENSGMOG00000016595	5617
ENSGMOG00000016614	1795
ENSGMOG00000016636	4
ENSGMOG00000016672	98
ENSGMOG00000016680	0
ENSGMOG00000016693	73
ENSGMOG00000019161	29
ENSGMOG00000019169	57713
ENSGMOG00000019177	8057
ENSGMOG00000019186	651
ENSGMOG00000019193	25
ENSGMOG00000019197	152
ENSGMOG00000019207	1
ENSGMOG00000019215	0
ENSGMOG00000019224	3
ENSGMOG00000019228	47
ENSGMOG00000020310	4
ENSGMOG00000019237	1211
ENSGMOG00000019257	766
ENSGMOG00000019278	221
ENSGMOG00000019283	514
ENSGMOG00000019287	246
ENSGMOG00000019292	1305
ENSGMOG00000019299	1181
ENSGMOG00000019314	0
ENSGMOG00000019323	545
ENSGMOG00000019327	555
ENSGMOG00000013820	0
ENSGMOG00000013834	145
ENSGMOG00000013841	66
ENSGMOG00000013848	66
ENSGMOG00000013854	84
ENSGMOG00000013861	0
ENSGMOG00000021044	0
ENSGMOG00000013882	0
ENSGMOG00000013892	0
ENSGMOG00000013898	0
ENSGMOG00000013912	184
ENSGMOG00000013935	71
ENSGMOG00000013982	17
ENSGMOG00000013999	2990
ENSGMOG00000014043	49
ENSGMOG00000014090	1733
ENSGMOG00000014140	64
ENSGMOG00000014147	137
ENSGMOG00000014179	2
ENSGMOG00000014200	158
ENSGMOG00000014231	596
ENSGMOG00000014250	11
ENSGMOG00000014260	0
ENSGMOG00000014324	3887
ENSGMOG00000002637	3559
ENSGMOG00000002700	59
ENSGMOG00000002713	2063
ENSGMOG00000002788	720
ENSGMOG00000002816	48
ENSGMOG00000002867	3
ENSGMOG00000002896	845
ENSGMOG00000002923	228
ENSGMOG00000002984	0
ENSGMOG00000000588	16
ENSGMOG00000000610	1268
ENSGMOG00000000624	1283
ENSGMOG00000000638	296
ENSGMOG00000000648	910
ENSGMOG00000000652	324
ENSGMOG00000000674	0
ENSGMOG00000000698	1
ENSGMOG00000000705	0
ENSGMOG00000000717	234
ENSGMOG00000000728	16
ENSGMOG00000000746	0
ENSGMOG00000000756	681
ENSGMOG00000008316	241
ENSGMOG00000008319	0
ENSGMOG00000008322	0
ENSGMOG00000008323	808
ENSGMOG00000008326	337
ENSGMOG00000008328	448
ENSGMOG00000008331	417
ENSGMOG00000008332	2
ENSGMOG00000008334	37
ENSGMOG00000008336	0
ENSGMOG00000008338	2
ENSGMOG00000008340	394
ENSGMOG00000008342	15
ENSGMOG00000008345	1341
ENSGMOG00000008347	4115
ENSGMOG00000008349	610
ENSGMOG00000008350	167
ENSGMOG00000008351	3289
ENSGMOG00000008352	732
ENSGMOG00000008353	0
ENSGMOG00000008354	2174
ENSGMOG00000008355	1764
ENSGMOG00000008356	2
ENSGMOG00000008358	18
ENSGMOG00000008359	65129
ENSGMOG00000021791	10
ENSGMOG00000008360	169
ENSGMOG00000021054	9
ENSGMOG00000021939	15
ENSGMOG00000008361	3
ENSGMOG00000008362	131
ENSGMOG00000008363	183
ENSGMOG00000008364	147
ENSGMOG00000008365	1019
ENSGMOG00000008366	37
ENSGMOG00000008367	6
ENSGMOG00000008369	0
ENSGMOG00000008372	752
ENSGMOG00000008374	557
ENSGMOG00000008375	350
ENSGMOG00000003000	434
ENSGMOG00000003112	2412
ENSGMOG00000003122	375
ENSGMOG00000003130	1887
ENSGMOG00000003163	361
ENSGMOG00000003170	389
ENSGMOG00000003181	3334
ENSGMOG00000003196	3071
ENSGMOG00000003253	186
ENSGMOG00000005530	2648
ENSGMOG00000005554	61
ENSGMOG00000005587	2
ENSGMOG00000005604	346
ENSGMOG00000005618	2809
ENSGMOG00000005630	6434
ENSGMOG00000005660	513
ENSGMOG00000005682	137
ENSGMOG00000005706	48
ENSGMOG00000005730	0
ENSGMOG00000005750	0
ENSGMOG00000005772	654
ENSGMOG00000005788	1276
ENSGMOG00000005799	629
ENSGMOG00000005840	336
ENSGMOG00000020455	33
ENSGMOG00000005860	130
ENSGMOG00000005892	123
ENSGMOG00000005900	594
ENSGMOG00000005916	289
ENSGMOG00000005936	976
ENSGMOG00000005980	719
ENSGMOG00000006034	141
ENSGMOG00000006046	139
ENSGMOG00000006067	49
ENSGMOG00000006141	333
ENSGMOG00000006175	0
ENSGMOG00000006189	4
ENSGMOG00000011717	182
ENSGMOG00000011722	137936
ENSGMOG00000021080	20
ENSGMOG00000021332	4
ENSGMOG00000011732	0
ENSGMOG00000011735	582
ENSGMOG00000011747	0
ENSGMOG00000011754	14
ENSGMOG00000011762	693
ENSGMOG00000011769	727
ENSGMOG00000011778	417
ENSGMOG00000011783	127
ENSGMOG00000011807	12
ENSGMOG00000011811	13
ENSGMOG00000011820	8
ENSGMOG00000011825	0
ENSGMOG00000011829	389
ENSGMOG00000011849	0
ENSGMOG00000011855	13215
ENSGMOG00000011861	318
ENSGMOG00000011866	47
ENSGMOG00000011873	15
ENSGMOG00000011884	3300
ENSGMOG00000007571	686
ENSGMOG00000007578	296
ENSGMOG00000007593	3031
ENSGMOG00000007612	807
ENSGMOG00000007618	1072
ENSGMOG00000007622	114
ENSGMOG00000007626	42430
ENSGMOG00000007631	297
ENSGMOG00000020381	170
ENSGMOG00000007639	375
ENSGMOG00000007653	179
ENSGMOG00000007670	317
ENSGMOG00000007684	514
ENSGMOG00000007690	341
ENSGMOG00000007696	27
ENSGMOG00000007731	0
ENSGMOG00000007747	3529
ENSGMOG00000007752	6
ENSGMOG00000007758	2139
ENSGMOG00000007763	9382
ENSGMOG00000007769	11
ENSGMOG00000007771	21
ENSGMOG00000007781	1110
ENSGMOG00000007787	3278
ENSGMOG00000007792	908
ENSGMOG00000007795	1488
ENSGMOG00000007797	446
ENSGMOG00000007802	65
ENSGMOG00000007808	3
ENSGMOG00000009072	92
ENSGMOG00000009124	339
ENSGMOG00000009129	2617
ENSGMOG00000009173	2017
ENSGMOG00000009190	3809
ENSGMOG00000009210	579
ENSGMOG00000009239	1994
ENSGMOG00000009255	63
ENSGMOG00000009273	2374
ENSGMOG00000009290	5135
ENSGMOG00000009310	381
ENSGMOG00000009317	54
ENSGMOG00000009329	123
ENSGMOG00000009337	1015
ENSGMOG00000009361	6
ENSGMOG00000009371	956
ENSGMOG00000009389	99
ENSGMOG00000009399	286
ENSGMOG00000009407	53
ENSGMOG00000009411	536
ENSGMOG00000009418	7
ENSGMOG00000009439	1014
ENSGMOG00000009454	2013
ENSGMOG00000010420	370
ENSGMOG00000010449	814
ENSGMOG00000010458	378
ENSGMOG00000010468	86
ENSGMOG00000010479	0
ENSGMOG00000010487	5
ENSGMOG00000010495	1678
ENSGMOG00000010510	28
ENSGMOG00000020550	13
ENSGMOG00000010514	122
ENSGMOG00000010528	18
ENSGMOG00000010535	141
ENSGMOG00000010550	1
ENSGMOG00000003883	15
ENSGMOG00000003910	179
ENSGMOG00000004002	53
ENSGMOG00000004021	209
ENSGMOG00000004037	189
ENSGMOG00000004103	2142
ENSGMOG00000004113	6
ENSGMOG00000004161	624
ENSGMOG00000021331	1
ENSGMOG00000004196	9173
ENSGMOG00000004230	1217
ENSGMOG00000004252	0
ENSGMOG00000004261	0
ENSGMOG00000021362	0
ENSGMOG00000004271	0
ENSGMOG00000004293	0
ENSGMOG00000004301	10
ENSGMOG00000004313	0
ENSGMOG00000004329	0
ENSGMOG00000004346	56
ENSGMOG00000004380	6799
ENSGMOG00000004396	15
ENSGMOG00000020031	0
ENSGMOG00000004434	2
ENSGMOG00000004453	1
ENSGMOG00000004473	642
ENSGMOG00000004519	2295
ENSGMOG00000004548	425
ENSGMOG00000004590	1
ENSGMOG00000004605	0
ENSGMOG00000012127	12
ENSGMOG00000012128	294
ENSGMOG00000012132	117
ENSGMOG00000012135	233
ENSGMOG00000012138	200
ENSGMOG00000012139	250
ENSGMOG00000012144	350
ENSGMOG00000012151	803
ENSGMOG00000012153	8842
ENSGMOG00000012156	494
ENSGMOG00000012158	1098
ENSGMOG00000012171	70
ENSGMOG00000012173	409
ENSGMOG00000012178	1491
ENSGMOG00000012180	45
ENSGMOG00000012185	761
ENSGMOG00000012190	291
ENSGMOG00000012193	1
ENSGMOG00000012199	0
ENSGMOG00000012205	77
ENSGMOG00000012219	668
ENSGMOG00000012223	6
ENSGMOG00000012228	437
ENSGMOG00000012233	2364
ENSGMOG00000012237	503
ENSGMOG00000012242	217
ENSGMOG00000012248	15
ENSGMOG00000012252	2007
ENSGMOG00000012260	108
ENSGMOG00000012263	3240
ENSGMOG00000008153	0
ENSGMOG00000008160	103
ENSGMOG00000008162	335
ENSGMOG00000008163	91
ENSGMOG00000008165	4098
ENSGMOG00000021029	1
ENSGMOG00000008170	22
ENSGMOG00000008173	193
ENSGMOG00000008175	8
ENSGMOG00000008184	0
ENSGMOG00000008187	78
ENSGMOG00000008191	476
ENSGMOG00000008194	961
ENSGMOG00000008195	0
ENSGMOG00000008198	1620
ENSGMOG00000008200	578
ENSGMOG00000008202	1504
ENSGMOG00000008205	481
ENSGMOG00000020820	0
ENSGMOG00000008206	1666
ENSGMOG00000021550	0
ENSGMOG00000008208	276
ENSGMOG00000008213	783
ENSGMOG00000008215	41
ENSGMOG00000008219	8913
ENSGMOG00000020405	6
ENSGMOG00000008224	86
ENSGMOG00000020406	32
ENSGMOG00000008226	27
ENSGMOG00000008231	29
ENSGMOG00000008236	2437
ENSGMOG00000008239	2842
ENSGMOG00000008242	3693
ENSGMOG00000008248	0
ENSGMOG00000008250	937
ENSGMOG00000008262	3
ENSGMOG00000021736	0
ENSGMOG00000021855	5
ENSGMOG00000008910	1999
ENSGMOG00000008939	108
ENSGMOG00000008980	1564
ENSGMOG00000009000	414
ENSGMOG00000009016	7
ENSGMOG00000009044	0
ENSGMOG00000009056	0
ENSGMOG00000009068	39
ENSGMOG00000009090	41
ENSGMOG00000009094	2
ENSGMOG00000009101	869
ENSGMOG00000009110	245
ENSGMOG00000009121	14
ENSGMOG00000009177	378
ENSGMOG00000003804	2537
ENSGMOG00000003829	743
ENSGMOG00000003866	890
ENSGMOG00000003932	0
ENSGMOG00000003950	1
ENSGMOG00000003966	36585
ENSGMOG00000003984	5863
ENSGMOG00000004019	140
ENSGMOG00000004041	39
ENSGMOG00000004089	671
ENSGMOG00000004175	344
ENSGMOG00000004260	21
ENSGMOG00000004287	852
ENSGMOG00000004322	882
ENSGMOG00000021710	5
ENSGMOG00000004379	9
ENSGMOG00000004398	1
ENSGMOG00000004418	6
ENSGMOG00000004444	374
ENSGMOG00000004466	376
ENSGMOG00000004503	63
ENSGMOG00000004520	288
ENSGMOG00000004542	5084
ENSGMOG00000004608	410
ENSGMOG00000004648	87
ENSGMOG00000004657	765
ENSGMOG00000004693	409
ENSGMOG00000004705	165
ENSGMOG00000004743	4
ENSGMOG00000004763	766
ENSGMOG00000004778	343
ENSGMOG00000004801	10
ENSGMOG00000004832	166
ENSGMOG00000004968	940
ENSGMOG00000004999	2346
ENSGMOG00000005024	0
ENSGMOG00000005038	20
ENSGMOG00000005055	15
ENSGMOG00000005076	136
ENSGMOG00000013931	635
ENSGMOG00000013957	1042
ENSGMOG00000014005	103
ENSGMOG00000014031	554
ENSGMOG00000014047	252
ENSGMOG00000014080	1681
ENSGMOG00000014112	670
ENSGMOG00000014167	1
ENSGMOG00000014174	1391
ENSGMOG00000014220	2
ENSGMOG00000014229	1563
ENSGMOG00000020932	0
ENSGMOG00000014298	0
ENSGMOG00000014320	0
ENSGMOG00000014361	0
ENSGMOG00000014377	4256
ENSGMOG00000014427	81
ENSGMOG00000014434	19
ENSGMOG00000014448	82244
ENSGMOG00000014466	508
ENSGMOG00000004792	214
ENSGMOG00000004951	87
ENSGMOG00000004969	880
ENSGMOG00000005001	778
ENSGMOG00000005020	945
ENSGMOG00000005036	0
ENSGMOG00000005051	11
ENSGMOG00000005061	28
ENSGMOG00000005080	0
ENSGMOG00000005190	134
ENSGMOG00000005206	0
ENSGMOG00000005228	75
ENSGMOG00000005282	418
ENSGMOG00000005339	3598
ENSGMOG00000020061	488
ENSGMOG00000017027	393
ENSGMOG00000017043	1963
ENSGMOG00000017064	10
ENSGMOG00000017070	5
ENSGMOG00000017091	62
ENSGMOG00000017132	0
ENSGMOG00000017145	4
ENSGMOG00000017154	279
ENSGMOG00000017179	3105
ENSGMOG00000017189	1301
ENSGMOG00000017212	922
ENSGMOG00000017241	1
ENSGMOG00000017286	64
ENSGMOG00000021155	0
ENSGMOG00000017301	116
ENSGMOG00000017313	49
ENSGMOG00000017328	1119
ENSGMOG00000017351	1
ENSGMOG00000017365	0
ENSGMOG00000017382	26
ENSGMOG00000018120	3
ENSGMOG00000018132	813
ENSGMOG00000018146	325
ENSGMOG00000018157	12480
ENSGMOG00000018205	34
ENSGMOG00000018219	187
ENSGMOG00000018278	74
ENSGMOG00000018295	4
ENSGMOG00000018304	266
ENSGMOG00000018315	189
ENSGMOG00000018343	18
ENSGMOG00000018366	41
ENSGMOG00000018387	1540
ENSGMOG00000018407	5
ENSGMOG00000018413	0
ENSGMOG00000018433	414
ENSGMOG00000018441	164
ENSGMOG00000018473	810
ENSGMOG00000018502	0
ENSGMOG00000018535	1
ENSGMOG00000007179	698
ENSGMOG00000007191	87
ENSGMOG00000007286	5
ENSGMOG00000007394	160
ENSGMOG00000007411	26
ENSGMOG00000007417	1
ENSGMOG00000007424	7
ENSGMOG00000007430	0
ENSGMOG00000020360	0
ENSGMOG00000007431	1280
ENSGMOG00000007445	524
ENSGMOG00000007463	19
ENSGMOG00000020683	0
ENSGMOG00000007468	181
ENSGMOG00000007476	7
ENSGMOG00000007482	3
ENSGMOG00000007484	44
ENSGMOG00000007488	324
ENSGMOG00000007495	298
ENSGMOG00000007504	51
ENSGMOG00000007508	0
ENSGMOG00000007525	0
ENSGMOG00000007532	7
ENSGMOG00000007542	9426
ENSGMOG00000007562	1343
ENSGMOG00000007579	2623
ENSGMOG00000007605	368
ENSGMOG00000007615	2126
ENSGMOG00000019168	0
ENSGMOG00000019179	956
ENSGMOG00000019201	8
ENSGMOG00000019223	0
ENSGMOG00000019226	10
ENSGMOG00000019242	0
ENSGMOG00000019254	8
ENSGMOG00000019265	77
ENSGMOG00000019267	1305
ENSGMOG00000019280	408
ENSGMOG00000019285	2
ENSGMOG00000019293	191
ENSGMOG00000019297	9
ENSGMOG00000019311	285
ENSGMOG00000019315	330
ENSGMOG00000019332	2
ENSGMOG00000003479	1379
ENSGMOG00000003495	0
ENSGMOG00000003500	202
ENSGMOG00000003516	435
ENSGMOG00000003543	158
ENSGMOG00000003564	23
ENSGMOG00000003579	451
ENSGMOG00000003586	381
ENSGMOG00000003655	0
ENSGMOG00000003674	11
ENSGMOG00000003701	2035
ENSGMOG00000003881	27
ENSGMOG00000003901	123
ENSGMOG00000003943	297
ENSGMOG00000003974	0
ENSGMOG00000004051	0
ENSGMOG00000004106	4
ENSGMOG00000004122	66
ENSGMOG00000004147	251
ENSGMOG00000004188	2194
ENSGMOG00000004251	1
ENSGMOG00000004262	394
ENSGMOG00000004286	142
ENSGMOG00000021682	205
ENSGMOG00000004294	1101
ENSGMOG00000004317	1453
ENSGMOG00000004336	1205
ENSGMOG00000004388	1013
ENSGMOG00000022108	2
ENSGMOG00000004439	333
ENSGMOG00000004461	858
ENSGMOG00000019727	393
ENSGMOG00000010588	172
ENSGMOG00000010620	290
ENSGMOG00000010632	1160
ENSGMOG00000010642	18
ENSGMOG00000010650	10
ENSGMOG00000010669	215
ENSGMOG00000010684	54
ENSGMOG00000010732	465
ENSGMOG00000010742	3
ENSGMOG00000010750	43
ENSGMOG00000010765	808
ENSGMOG00000010781	43
ENSGMOG00000010801	634
ENSGMOG00000010819	856
ENSGMOG00000010844	12
ENSGMOG00000010866	357
ENSGMOG00000010878	935
ENSGMOG00000010897	1676
ENSGMOG00000010928	149
ENSGMOG00000010940	64
ENSGMOG00000010961	13
ENSGMOG00000010974	12451
ENSGMOG00000010999	1025
ENSGMOG00000011006	753
ENSGMOG00000011018	0
ENSGMOG00000011029	12
ENSGMOG00000011045	219
ENSGMOG00000011055	73
ENSGMOG00000011069	0
ENSGMOG00000011075	24
ENSGMOG00000011145	70
ENSGMOG00000006005	651
ENSGMOG00000006018	10879
ENSGMOG00000006031	599
ENSGMOG00000006080	991
ENSGMOG00000006092	517
ENSGMOG00000006099	866
ENSGMOG00000006111	2083
ENSGMOG00000006130	536
ENSGMOG00000006148	54
ENSGMOG00000006172	11404
ENSGMOG00000006192	1027
ENSGMOG00000006204	932
ENSGMOG00000006209	0
ENSGMOG00000006231	105
ENSGMOG00000006252	1225
ENSGMOG00000006279	1085
ENSGMOG00000006314	9
ENSGMOG00000006327	17
ENSGMOG00000006351	1891
ENSGMOG00000006406	172
ENSGMOG00000006422	163
ENSGMOG00000006437	1
ENSGMOG00000006447	196
ENSGMOG00000006459	75
ENSGMOG00000006473	553
ENSGMOG00000006504	138
ENSGMOG00000003903	0
ENSGMOG00000003933	0
ENSGMOG00000003940	232
ENSGMOG00000003971	10511
ENSGMOG00000004034	231
ENSGMOG00000004073	1214
ENSGMOG00000004117	2129
ENSGMOG00000004146	0
ENSGMOG00000004163	0
ENSGMOG00000013916	2745
ENSGMOG00000013927	1497
ENSGMOG00000013972	540
ENSGMOG00000020081	0
ENSGMOG00000013996	3665
ENSGMOG00000014046	5
ENSGMOG00000014115	2
ENSGMOG00000014135	11058
ENSGMOG00000014155	367
ENSGMOG00000014166	42
ENSGMOG00000014216	44
ENSGMOG00000014240	600
ENSGMOG00000014272	117
ENSGMOG00000014288	0
ENSGMOG00000014299	7247
ENSGMOG00000014343	1474
ENSGMOG00000014355	1771
ENSGMOG00000014372	2
ENSGMOG00000014383	1686
ENSGMOG00000014396	3
ENSGMOG00000014405	3
ENSGMOG00000014424	283
ENSGMOG00000014459	28
ENSGMOG00000014505	77
ENSGMOG00000014546	563
ENSGMOG00000014601	371
ENSGMOG00000014635	112
ENSGMOG00000014672	190
ENSGMOG00000014689	0
ENSGMOG00000014716	0
ENSGMOG00000014728	3
ENSGMOG00000014950	539
ENSGMOG00000014986	819
ENSGMOG00000014997	1
ENSGMOG00000015009	770
ENSGMOG00000015036	0
ENSGMOG00000015086	8
ENSGMOG00000015113	221
ENSGMOG00000015169	500
ENSGMOG00000015203	218
ENSGMOG00000015217	735
ENSGMOG00000015225	2
ENSGMOG00000015236	190
ENSGMOG00000015243	309
ENSGMOG00000015268	41
ENSGMOG00000015298	35413
ENSGMOG00000021384	10
ENSGMOG00000015314	1812
ENSGMOG00000015343	81
ENSGMOG00000015369	0
ENSGMOG00000015383	663
ENSGMOG00000015404	522
ENSGMOG00000015425	2185
ENSGMOG00000015491	11
ENSGMOG00000015503	47
ENSGMOG00000015548	312
ENSGMOG00000015617	2038
ENSGMOG00000015627	3469
ENSGMOG00000015652	363
ENSGMOG00000015691	224
ENSGMOG00000015707	4
ENSGMOG00000015771	190
ENSGMOG00000014491	329
ENSGMOG00000014511	407
ENSGMOG00000014525	2795
ENSGMOG00000014543	227
ENSGMOG00000014590	57
ENSGMOG00000014603	1257
ENSGMOG00000014629	806
ENSGMOG00000014646	81
ENSGMOG00000014670	75
ENSGMOG00000014695	213
ENSGMOG00000014712	2807
ENSGMOG00000014757	167
ENSGMOG00000014774	42
ENSGMOG00000014804	27
ENSGMOG00000014826	931
ENSGMOG00000020765	8
ENSGMOG00000014925	63
ENSGMOG00000014989	174
ENSGMOG00000015017	1119
ENSGMOG00000015095	0
ENSGMOG00000015112	196
ENSGMOG00000015159	0
ENSGMOG00000015168	30
ENSGMOG00000015221	2
ENSGMOG00000003056	376
ENSGMOG00000003083	63
ENSGMOG00000003131	52
ENSGMOG00000003378	0
ENSGMOG00000003403	0
ENSGMOG00000019698	0
ENSGMOG00000012882	43
ENSGMOG00000012911	640
ENSGMOG00000012923	1197
ENSGMOG00000012929	1511
ENSGMOG00000012936	4508
ENSGMOG00000020472	57
ENSGMOG00000012950	48
ENSGMOG00000012958	0
ENSGMOG00000012959	198
ENSGMOG00000012963	118
ENSGMOG00000012977	327
ENSGMOG00000012982	27
ENSGMOG00000012989	109
ENSGMOG00000012997	5660
ENSGMOG00000013001	1218
ENSGMOG00000020473	1
ENSGMOG00000013009	876
ENSGMOG00000013017	65
ENSGMOG00000013035	1039
ENSGMOG00000013045	2631
ENSGMOG00000013083	7
ENSGMOG00000013089	682
ENSGMOG00000013112	3066
ENSGMOG00000013122	3759
ENSGMOG00000013131	1057
ENSGMOG00000013136	11297
ENSGMOG00000013145	307
ENSGMOG00000013152	532
ENSGMOG00000013162	477
ENSGMOG00000012833	2349
ENSGMOG00000012840	1028
ENSGMOG00000012852	661
ENSGMOG00000012859	205
ENSGMOG00000012865	158
ENSGMOG00000012899	60
ENSGMOG00000012908	99
ENSGMOG00000012930	609
ENSGMOG00000012945	82
ENSGMOG00000012956	40
ENSGMOG00000012965	1343
ENSGMOG00000012986	3028
ENSGMOG00000013007	4
ENSGMOG00000013012	466
ENSGMOG00000013040	1292
ENSGMOG00000013091	2
ENSGMOG00000005719	1
ENSGMOG00000005724	0
ENSGMOG00000005755	13
ENSGMOG00000008463	166
ENSGMOG00000008481	2913
ENSGMOG00000008483	8
ENSGMOG00000008489	1273
ENSGMOG00000019834	0
ENSGMOG00000008496	0
ENSGMOG00000008505	207
ENSGMOG00000008510	2135
ENSGMOG00000008548	31
ENSGMOG00000008564	29
ENSGMOG00000008581	2691
ENSGMOG00000008594	1326
ENSGMOG00000008683	26
ENSGMOG00000008721	1
ENSGMOG00000019836	11
ENSGMOG00000016890	762
ENSGMOG00000016934	302
ENSGMOG00000016946	24691
ENSGMOG00000016967	138
ENSGMOG00000021388	0
ENSGMOG00000017194	367
ENSGMOG00000017219	43
ENSGMOG00000017245	8
ENSGMOG00000017255	313
ENSGMOG00000017279	336
ENSGMOG00000017304	14
ENSGMOG00000017337	6
ENSGMOG00000017352	25
ENSGMOG00000017380	25
ENSGMOG00000017393	9
ENSGMOG00000017411	1568
ENSGMOG00000017427	3
ENSGMOG00000017933	1102
ENSGMOG00000018009	14
ENSGMOG00000018023	1853
ENSGMOG00000018033	2345
ENSGMOG00000018053	116
ENSGMOG00000018074	55
ENSGMOG00000018078	2165
ENSGMOG00000018102	0
ENSGMOG00000018123	0
ENSGMOG00000018139	301
ENSGMOG00000018151	88
ENSGMOG00000018182	0
ENSGMOG00000018201	6466
ENSGMOG00000018227	187
ENSGMOG00000018234	2742
ENSGMOG00000018245	10
ENSGMOG00000018259	2
ENSGMOG00000018271	0
ENSGMOG00000018294	2838
ENSGMOG00000018301	0
ENSGMOG00000018309	8
ENSGMOG00000018324	76
ENSGMOG00000018358	0
ENSGMOG00000018376	13
ENSGMOG00000018391	772
ENSGMOG00000018437	598
ENSGMOG00000018467	698
ENSGMOG00000018494	391
ENSGMOG00000018501	302
ENSGMOG00000018511	36
ENSGMOG00000018541	215
ENSGMOG00000018557	0
ENSGMOG00000018572	8
ENSGMOG00000003333	1039
ENSGMOG00000003339	88
ENSGMOG00000003363	126
ENSGMOG00000003389	2539
ENSGMOG00000003404	7579
ENSGMOG00000003504	508
ENSGMOG00000003558	170
ENSGMOG00000000702	1329
ENSGMOG00000000731	346
ENSGMOG00000000747	833
ENSGMOG00000000758	53
ENSGMOG00000000774	210
ENSGMOG00000000839	49
ENSGMOG00000000855	9
ENSGMOG00000000860	258
ENSGMOG00000020835	17
ENSGMOG00000000877	1593
ENSGMOG00000000932	135
ENSGMOG00000000955	1955
ENSGMOG00000000972	22
ENSGMOG00000001032	70
ENSGMOG00000001051	4
ENSGMOG00000001060	29
ENSGMOG00000001082	239
ENSGMOG00000001097	3000
ENSGMOG00000000504	521
ENSGMOG00000000516	79
ENSGMOG00000000530	117
ENSGMOG00000000547	1
ENSGMOG00000010733	42
ENSGMOG00000010856	3258
ENSGMOG00000010862	429
ENSGMOG00000010880	2158
ENSGMOG00000010894	9
ENSGMOG00000010899	2119
ENSGMOG00000010959	3998
ENSGMOG00000010966	174
ENSGMOG00000010985	545
ENSGMOG00000011004	1643
ENSGMOG00000011021	124
ENSGMOG00000011043	3
ENSGMOG00000011050	1116
ENSGMOG00000011062	24
ENSGMOG00000011085	143
ENSGMOG00000011100	773
ENSGMOG00000011105	2241
ENSGMOG00000011119	421
ENSGMOG00000011149	0
ENSGMOG00000011153	826
ENSGMOG00000011166	2972
ENSGMOG00000011178	1007
ENSGMOG00000009811	2
ENSGMOG00000009815	0
ENSGMOG00000009823	2809
ENSGMOG00000009850	153
ENSGMOG00000009867	340
ENSGMOG00000009888	54
ENSGMOG00000009907	488
ENSGMOG00000001251	252
ENSGMOG00000001257	85
ENSGMOG00000001295	3
ENSGMOG00000001307	476
ENSGMOG00000001332	153
ENSGMOG00000001336	1804
ENSGMOG00000001350	395
ENSGMOG00000001358	285
ENSGMOG00000001371	372
ENSGMOG00000001406	919
ENSGMOG00000001475	22
ENSGMOG00000001484	62
ENSGMOG00000001508	373
ENSGMOG00000001534	2
ENSGMOG00000001565	153
ENSGMOG00000001597	807
ENSGMOG00000016566	106
ENSGMOG00000016572	1
ENSGMOG00000016601	0
ENSGMOG00000016610	1
ENSGMOG00000016650	1913
ENSGMOG00000016665	5
ENSGMOG00000016674	1
ENSGMOG00000016682	3250
ENSGMOG00000016715	15119
ENSGMOG00000016729	1072
ENSGMOG00000016746	1700
ENSGMOG00000016799	1
ENSGMOG00000016814	22
ENSGMOG00000016830	212
ENSGMOG00000022094	2
ENSGMOG00000020780	4
ENSGMOG00000016853	49
ENSGMOG00000016862	685
ENSGMOG00000016870	2056
ENSGMOG00000016889	156
ENSGMOG00000010124	2
ENSGMOG00000010143	1797
ENSGMOG00000010167	20
ENSGMOG00000010178	44
ENSGMOG00000010193	6135
ENSGMOG00000020535	0
ENSGMOG00000010200	1700
ENSGMOG00000010227	6
ENSGMOG00000010237	59
ENSGMOG00000010244	6
ENSGMOG00000010256	214
ENSGMOG00000010293	0
ENSGMOG00000010309	31
ENSGMOG00000010339	6175
ENSGMOG00000010395	356
ENSGMOG00000010407	672910
ENSGMOG00000010437	301
ENSGMOG00000010455	736
ENSGMOG00000010469	107
ENSGMOG00000010488	15
ENSGMOG00000010498	50
ENSGMOG00000010502	52
ENSGMOG00000010512	38812
ENSGMOG00000010519	58
ENSGMOG00000010554	0
ENSGMOG00000005559	532
ENSGMOG00000005663	832
ENSGMOG00000005831	45
ENSGMOG00000005847	586
ENSGMOG00000005880	196
ENSGMOG00000005899	88
ENSGMOG00000005918	224
ENSGMOG00000005941	1
ENSGMOG00000005953	45
ENSGMOG00000005979	84
ENSGMOG00000006019	27
ENSGMOG00000006038	51
ENSGMOG00000006049	754
ENSGMOG00000006068	3034
ENSGMOG00000006079	145
ENSGMOG00000006109	226
ENSGMOG00000006124	8152
ENSGMOG00000006160	0
ENSGMOG00000006169	271
ENSGMOG00000006195	150
ENSGMOG00000006202	4018
ENSGMOG00000006235	3275
ENSGMOG00000006269	9583
ENSGMOG00000006288	2002
ENSGMOG00000016660	4200
ENSGMOG00000016696	53
ENSGMOG00000016708	1468
ENSGMOG00000016756	6
ENSGMOG00000016760	237
ENSGMOG00000016778	1
ENSGMOG00000016793	7327
ENSGMOG00000016823	3421
ENSGMOG00000017130	176
ENSGMOG00000017153	10
ENSGMOG00000017178	1441
ENSGMOG00000017221	419
ENSGMOG00000017266	4497
ENSGMOG00000017353	342
ENSGMOG00000017368	811
ENSGMOG00000017392	0
ENSGMOG00000017399	1136
ENSGMOG00000017463	1
ENSGMOG00000017474	166
ENSGMOG00000017484	0
ENSGMOG00000017495	70
ENSGMOG00000017505	949
ENSGMOG00000017511	3
ENSGMOG00000017520	414
ENSGMOG00000017641	36541
ENSGMOG00000004324	289
ENSGMOG00000004352	86
ENSGMOG00000004393	0
ENSGMOG00000004408	138
ENSGMOG00000004429	8
ENSGMOG00000004447	284
ENSGMOG00000004464	289
ENSGMOG00000004488	1207
ENSGMOG00000004668	235
ENSGMOG00000004684	733
ENSGMOG00000004715	1695
ENSGMOG00000004722	41
ENSGMOG00000004756	13489
ENSGMOG00000004772	0
ENSGMOG00000004787	0
ENSGMOG00000004803	0
ENSGMOG00000004820	2040
ENSGMOG00000004930	8957
ENSGMOG00000004956	678
ENSGMOG00000005019	1983
ENSGMOG00000005081	12173
ENSGMOG00000020055	2
ENSGMOG00000021226	0
ENSGMOG00000005250	1014
ENSGMOG00000005274	402
ENSGMOG00000005289	8
ENSGMOG00000005309	213
ENSGMOG00000013042	539
ENSGMOG00000013049	313
ENSGMOG00000013062	517
ENSGMOG00000013070	252
ENSGMOG00000013081	3768
ENSGMOG00000013101	100
ENSGMOG00000013107	46
ENSGMOG00000013130	972
ENSGMOG00000013135	1500
ENSGMOG00000013148	132
ENSGMOG00000013161	0
ENSGMOG00000013172	8
ENSGMOG00000013188	105
ENSGMOG00000013208	1009
ENSGMOG00000013215	516
ENSGMOG00000013219	1509
ENSGMOG00000013252	405
ENSGMOG00000013259	671
ENSGMOG00000013279	0
ENSGMOG00000013299	1023
ENSGMOG00000013312	25
ENSGMOG00000013321	36
ENSGMOG00000016701	496
ENSGMOG00000016754	29
ENSGMOG00000016764	1868
ENSGMOG00000016776	88
ENSGMOG00000016809	874
ENSGMOG00000016818	25
ENSGMOG00000016845	108
ENSGMOG00000016860	2
ENSGMOG00000016938	35
ENSGMOG00000016961	125
ENSGMOG00000016965	181
ENSGMOG00000016977	13
ENSGMOG00000016994	65
ENSGMOG00000017001	1574
ENSGMOG00000017063	0
ENSGMOG00000017082	2
ENSGMOG00000017090	5
ENSGMOG00000017103	345
ENSGMOG00000017124	1606
ENSGMOG00000017147	11
ENSGMOG00000011865	0
ENSGMOG00000011867	51
ENSGMOG00000010169	0
ENSGMOG00000010179	67
ENSGMOG00000010188	2107
ENSGMOG00000010228	154
ENSGMOG00000010235	2
ENSGMOG00000010245	322
ENSGMOG00000010249	1295
ENSGMOG00000010262	165
ENSGMOG00000010288	0
ENSGMOG00000010297	1278
ENSGMOG00000010324	14
ENSGMOG00000010352	1
ENSGMOG00000010361	0
ENSGMOG00000010366	86
ENSGMOG00000010404	0
ENSGMOG00000010406	0
ENSGMOG00000010419	412
ENSGMOG00000010435	647
ENSGMOG00000010442	12
ENSGMOG00000010456	0
ENSGMOG00000010464	0
ENSGMOG00000010483	13
ENSGMOG00000010500	0
ENSGMOG00000020177	0
ENSGMOG00000002231	46
ENSGMOG00000002239	398
ENSGMOG00000002353	1875
ENSGMOG00000002383	0
ENSGMOG00000002389	30
ENSGMOG00000002416	1281
ENSGMOG00000002430	755
ENSGMOG00000002479	0
ENSGMOG00000002514	47
ENSGMOG00000002554	577
ENSGMOG00000002576	119
ENSGMOG00000002607	0
ENSGMOG00000002636	101
ENSGMOG00000002647	13
ENSGMOG00000002686	6
ENSGMOG00000002706	370
ENSGMOG00000021168	6
ENSGMOG00000002734	815
ENSGMOG00000010688	1711
ENSGMOG00000010698	0
ENSGMOG00000010737	55
ENSGMOG00000010747	2279
ENSGMOG00000010753	319
ENSGMOG00000010773	159
ENSGMOG00000010785	3064
ENSGMOG00000010793	1689
ENSGMOG00000010808	75
ENSGMOG00000010816	23
ENSGMOG00000010840	351
ENSGMOG00000010854	4349
ENSGMOG00000010874	1890
ENSGMOG00000010941	26
ENSGMOG00000010962	949
ENSGMOG00000010969	1
ENSGMOG00000010978	0
ENSGMOG00000010995	14030
ENSGMOG00000011012	14
ENSGMOG00000011023	1042
ENSGMOG00000011042	4
ENSGMOG00000011065	6
ENSGMOG00000011076	60
ENSGMOG00000011082	594
ENSGMOG00000011094	108
ENSGMOG00000011104	478
ENSGMOG00000017566	0
ENSGMOG00000017575	399
ENSGMOG00000019833	0
ENSGMOG00000017586	568
ENSGMOG00000017608	515
ENSGMOG00000017616	10
ENSGMOG00000017719	0
ENSGMOG00000017745	210
ENSGMOG00000017764	0
ENSGMOG00000017787	1030
ENSGMOG00000017799	5
ENSGMOG00000017817	2
ENSGMOG00000017897	1010
ENSGMOG00000017954	2410
ENSGMOG00000017970	26867
ENSGMOG00000017983	31
ENSGMOG00000018027	2654
ENSGMOG00000018043	105
ENSGMOG00000018063	0
ENSGMOG00000018084	78
ENSGMOG00000018093	31
ENSGMOG00000018099	396
ENSGMOG00000018108	10
ENSGMOG00000018127	4
ENSGMOG00000008621	11
ENSGMOG00000019851	9
ENSGMOG00000008656	800
ENSGMOG00000008670	317
ENSGMOG00000008677	798
ENSGMOG00000008686	0
ENSGMOG00000008692	1711
ENSGMOG00000008700	17669
ENSGMOG00000008704	2506
ENSGMOG00000008711	14
ENSGMOG00000008754	655
ENSGMOG00000008770	0
ENSGMOG00000016811	927
ENSGMOG00000016840	208
ENSGMOG00000016863	21
ENSGMOG00000016886	2922
ENSGMOG00000016892	0
ENSGMOG00000016898	0
ENSGMOG00000016921	7
ENSGMOG00000016929	45
ENSGMOG00000016939	5612
ENSGMOG00000016949	897
ENSGMOG00000016978	230
ENSGMOG00000016989	3
ENSGMOG00000017013	23
ENSGMOG00000017034	36
ENSGMOG00000021128	0
ENSGMOG00000017083	833
ENSGMOG00000017125	11
ENSGMOG00000017166	27164
ENSGMOG00000017195	24060
ENSGMOG00000017218	6739
ENSGMOG00000017236	44
ENSGMOG00000017251	1260
ENSGMOG00000017278	18
ENSGMOG00000017325	203
ENSGMOG00000017342	2568
ENSGMOG00000014776	973
ENSGMOG00000019910	172
ENSGMOG00000014784	2484
ENSGMOG00000014820	4393
ENSGMOG00000014848	18
ENSGMOG00000014865	371
ENSGMOG00000014893	3487
ENSGMOG00000014937	61
ENSGMOG00000014955	11491
ENSGMOG00000015001	3804
ENSGMOG00000015040	457
ENSGMOG00000015059	5
ENSGMOG00000015096	3100
ENSGMOG00000015110	596
ENSGMOG00000015145	3016
ENSGMOG00000016985	231
ENSGMOG00000019809	109
ENSGMOG00000017011	839
ENSGMOG00000017052	277
ENSGMOG00000017073	124
ENSGMOG00000017095	92
ENSGMOG00000017114	62
ENSGMOG00000017118	378
ENSGMOG00000017151	0
ENSGMOG00000017158	12
ENSGMOG00000017222	373
ENSGMOG00000017246	37497
ENSGMOG00000019810	173
ENSGMOG00000017275	599
ENSGMOG00000022082	0
ENSGMOG00000017294	991
ENSGMOG00000017322	399
ENSGMOG00000017338	407
ENSGMOG00000017354	76
ENSGMOG00000017362	674
ENSGMOG00000017391	0
ENSGMOG00000017422	852
ENSGMOG00000017489	10
ENSGMOG00000017499	18
ENSGMOG00000017516	73
ENSGMOG00000017724	1333
ENSGMOG00000017753	2683
ENSGMOG00000017762	823
ENSGMOG00000017803	866
ENSGMOG00000017818	58
ENSGMOG00000017829	51
ENSGMOG00000019828	0
ENSGMOG00000017892	1823
ENSGMOG00000017908	0
ENSGMOG00000017913	6
ENSGMOG00000018198	488
ENSGMOG00000018221	654
ENSGMOG00000018229	2539
ENSGMOG00000018275	774
ENSGMOG00000018284	170
ENSGMOG00000018331	122
ENSGMOG00000018385	94
ENSGMOG00000018424	1241
ENSGMOG00000018471	1519
ENSGMOG00000018481	484
ENSGMOG00000018492	461
ENSGMOG00000018512	757
ENSGMOG00000018568	829
ENSGMOG00000018604	250
ENSGMOG00000018624	1787
ENSGMOG00000018638	183
ENSGMOG00000018645	22
ENSGMOG00000018678	754
ENSGMOG00000018702	899
ENSGMOG00000018717	1530
ENSGMOG00000018731	285
ENSGMOG00000018734	227
ENSGMOG00000009940	107
ENSGMOG00000009945	0
ENSGMOG00000009952	8
ENSGMOG00000009966	8
ENSGMOG00000009978	5654
ENSGMOG00000010005	6724
ENSGMOG00000010024	515
ENSGMOG00000010033	4
ENSGMOG00000010042	1
ENSGMOG00000010053	0
ENSGMOG00000010057	0
ENSGMOG00000010063	15
ENSGMOG00000020522	23
ENSGMOG00000010069	10
ENSGMOG00000010074	126
ENSGMOG00000010084	2366
ENSGMOG00000010102	0
ENSGMOG00000010122	74
ENSGMOG00000010144	1232
ENSGMOG00000010164	0
ENSGMOG00000010182	1
ENSGMOG00000010203	824
ENSGMOG00000010211	157
ENSGMOG00000010224	3341
ENSGMOG00000010241	914
ENSGMOG00000020523	58
ENSGMOG00000006515	16
ENSGMOG00000006524	2
ENSGMOG00000006559	0
ENSGMOG00000006568	0
ENSGMOG00000006572	36
ENSGMOG00000006585	1
ENSGMOG00000006601	6
ENSGMOG00000006647	1347
ENSGMOG00000006660	721
ENSGMOG00000006675	6978
ENSGMOG00000006683	0
ENSGMOG00000006689	0
ENSGMOG00000006699	125
ENSGMOG00000006706	0
ENSGMOG00000006717	208
ENSGMOG00000006733	2404
ENSGMOG00000006743	631
ENSGMOG00000006759	2285
ENSGMOG00000018764	10
ENSGMOG00000021400	0
ENSGMOG00000018778	2078
ENSGMOG00000018786	0
ENSGMOG00000018806	829
ENSGMOG00000018821	1598
ENSGMOG00000018832	582
ENSGMOG00000018837	553
ENSGMOG00000018843	878
ENSGMOG00000018858	113
ENSGMOG00000019999	1
ENSGMOG00000019309	727
ENSGMOG00000019325	3
ENSGMOG00000019338	5
ENSGMOG00000019371	0
ENSGMOG00000021229	0
ENSGMOG00000019379	2
ENSGMOG00000019387	383
ENSGMOG00000015039	73
ENSGMOG00000015048	392
ENSGMOG00000015160	134
ENSGMOG00000015187	0
ENSGMOG00000015205	503
ENSGMOG00000018389	1257
ENSGMOG00000018428	80
ENSGMOG00000018438	4214
ENSGMOG00000018451	187
ENSGMOG00000018454	811
ENSGMOG00000018480	3
ENSGMOG00000018496	794
ENSGMOG00000018507	2
ENSGMOG00000018555	77
ENSGMOG00000018577	97
ENSGMOG00000018598	7476
ENSGMOG00000018611	661
ENSGMOG00000018621	1
ENSGMOG00000018630	0
ENSGMOG00000018642	2
ENSGMOG00000018663	30
ENSGMOG00000018671	26
ENSGMOG00000018689	33
ENSGMOG00000018697	53
ENSGMOG00000020393	18
ENSGMOG00000007867	405
ENSGMOG00000007874	802
ENSGMOG00000007881	92
ENSGMOG00000007887	90
ENSGMOG00000007897	8
ENSGMOG00000007899	580
ENSGMOG00000007910	938
ENSGMOG00000007924	5480
ENSGMOG00000007932	688
ENSGMOG00000007939	7
ENSGMOG00000007960	15
ENSGMOG00000007963	355
ENSGMOG00000007974	448
ENSGMOG00000007979	394
ENSGMOG00000007986	2924
ENSGMOG00000007994	4466
ENSGMOG00000008008	8839
ENSGMOG00000008012	15
ENSGMOG00000008017	318
ENSGMOG00000008021	157
ENSGMOG00000008027	212
ENSGMOG00000021036	0
ENSGMOG00000008031	678
ENSGMOG00000008037	108
ENSGMOG00000008039	429
ENSGMOG00000008042	128
ENSGMOG00000008052	721
ENSGMOG00000008054	132
ENSGMOG00000008063	212
ENSGMOG00000019304	2
ENSGMOG00000002935	1
ENSGMOG00000002943	0
ENSGMOG00000014887	1
ENSGMOG00000014926	0
ENSGMOG00000014971	0
ENSGMOG00000014978	1
ENSGMOG00000014996	0
ENSGMOG00000015030	0
ENSGMOG00000015057	0
ENSGMOG00000015079	5
ENSGMOG00000015173	419
ENSGMOG00000015185	0
ENSGMOG00000015197	1
ENSGMOG00000015210	284
ENSGMOG00000015239	78
ENSGMOG00000015271	97
ENSGMOG00000015304	0
ENSGMOG00000015324	8
ENSGMOG00000015339	6
ENSGMOG00000015348	12889
ENSGMOG00000015363	0
ENSGMOG00000019917	0
ENSGMOG00000015379	0
ENSGMOG00000004074	1815
ENSGMOG00000004115	119
ENSGMOG00000004145	885
ENSGMOG00000004156	0
ENSGMOG00000004165	113
ENSGMOG00000004187	4
ENSGMOG00000004270	105
ENSGMOG00000004296	443
ENSGMOG00000004304	669
ENSGMOG00000004446	31
ENSGMOG00000004501	1003
ENSGMOG00000004569	1493
ENSGMOG00000020044	0
ENSGMOG00000009334	0
ENSGMOG00000009339	3
ENSGMOG00000009346	79
ENSGMOG00000019869	2
ENSGMOG00000008916	946
ENSGMOG00000008933	1713
ENSGMOG00000008945	1
ENSGMOG00000008955	3136
ENSGMOG00000008982	6953
ENSGMOG00000008994	715
ENSGMOG00000009040	273
ENSGMOG00000009062	0
ENSGMOG00000009065	0
ENSGMOG00000009073	141
ENSGMOG00000009081	790
ENSGMOG00000014456	677
ENSGMOG00000021629	0
ENSGMOG00000014479	885
ENSGMOG00000014502	11
ENSGMOG00000012118	174
ENSGMOG00000012120	2615
ENSGMOG00000012124	643
ENSGMOG00000012136	0
ENSGMOG00000019084	2016
ENSGMOG00000019107	41
ENSGMOG00000019143	2
ENSGMOG00000019157	0
ENSGMOG00000019164	35
ENSGMOG00000019213	576
ENSGMOG00000009831	389
ENSGMOG00000009857	321
ENSGMOG00000009863	207
ENSGMOG00000009877	19
ENSGMOG00000009886	123
ENSGMOG00000009897	199
ENSGMOG00000009931	15
ENSGMOG00000009942	7
ENSGMOG00000009949	204
ENSGMOG00000009964	432
ENSGMOG00000009986	7
ENSGMOG00000009997	103
ENSGMOG00000010012	279
ENSGMOG00000020517	185
ENSGMOG00000010027	279
ENSGMOG00000010040	20225
ENSGMOG00000010051	518
ENSGMOG00000010071	149
ENSGMOG00000010091	5
ENSGMOG00000010110	279
ENSGMOG00000010125	12
ENSGMOG00000010134	0
ENSGMOG00000010147	2239
ENSGMOG00000010170	1116
ENSGMOG00000010183	128
ENSGMOG00000010189	173
ENSGMOG00000010198	8
ENSGMOG00000010225	12
ENSGMOG00000010239	166
ENSGMOG00000010243	19
ENSGMOG00000010250	2
ENSGMOG00000010261	657
ENSGMOG00000010273	693
ENSGMOG00000010274	3723
ENSGMOG00000010286	2025
ENSGMOG00000019375	36
ENSGMOG00000020001	9
ENSGMOG00000020002	0
ENSGMOG00000001379	1
ENSGMOG00000001413	16
ENSGMOG00000001419	3299
ENSGMOG00000001440	3
ENSGMOG00000001587	214
ENSGMOG00000001640	190
ENSGMOG00000001703	230
ENSGMOG00000019967	2
ENSGMOG00000001714	283
ENSGMOG00000001721	77
ENSGMOG00000001733	4
ENSGMOG00000001752	3
ENSGMOG00000001777	142
ENSGMOG00000001788	0
ENSGMOG00000001798	0
ENSGMOG00000001817	15
ENSGMOG00000018495	1785
ENSGMOG00000018521	234
ENSGMOG00000013068	869
ENSGMOG00000013088	209
ENSGMOG00000013093	367
ENSGMOG00000013106	2763
ENSGMOG00000013121	359
ENSGMOG00000013132	4445
ENSGMOG00000013144	2914
ENSGMOG00000013155	1317
ENSGMOG00000013169	41
ENSGMOG00000013184	715
ENSGMOG00000013229	1377
ENSGMOG00000013251	537
ENSGMOG00000013275	2
ENSGMOG00000013282	10
ENSGMOG00000013288	684
ENSGMOG00000013301	194
ENSGMOG00000013344	248
ENSGMOG00000013359	15
ENSGMOG00000013374	0
ENSGMOG00000013378	145
ENSGMOG00000013405	255
ENSGMOG00000022148	0
ENSGMOG00000009258	69
ENSGMOG00000009263	2
ENSGMOG00000009264	3
ENSGMOG00000009286	0
ENSGMOG00000009306	72
ENSGMOG00000009410	0
ENSGMOG00000009482	112
ENSGMOG00000009485	4952
ENSGMOG00000009490	46
ENSGMOG00000009505	9
ENSGMOG00000009539	235
ENSGMOG00000009546	158
ENSGMOG00000001686	90
ENSGMOG00000001695	3523
ENSGMOG00000001720	158
ENSGMOG00000001737	4
ENSGMOG00000001749	0
ENSGMOG00000001912	0
ENSGMOG00000001925	412
ENSGMOG00000001951	524
ENSGMOG00000001965	414
ENSGMOG00000001973	1066
ENSGMOG00000001996	571
ENSGMOG00000002017	4930
ENSGMOG00000003211	159
ENSGMOG00000003238	247
ENSGMOG00000003594	34
ENSGMOG00000003599	3
ENSGMOG00000003609	500
ENSGMOG00000001529	1
ENSGMOG00000001533	0
ENSGMOG00000001552	0
ENSGMOG00000001593	9
ENSGMOG00000000350	733
ENSGMOG00000000383	11
ENSGMOG00000000451	26
ENSGMOG00000000462	18
ENSGMOG00000000469	23
ENSGMOG00000015390	6
ENSGMOG00000015557	101
ENSGMOG00000015646	867
ENSGMOG00000015665	289
ENSGMOG00000015709	4205
ENSGMOG00000015818	129
ENSGMOG00000015863	74
ENSGMOG00000015880	0
ENSGMOG00000015904	0
ENSGMOG00000015920	216
ENSGMOG00000015956	0
ENSGMOG00000016009	589
ENSGMOG00000016044	19
ENSGMOG00000016055	5
ENSGMOG00000016063	518
ENSGMOG00000016092	112
ENSGMOG00000016115	2
ENSGMOG00000016143	341
ENSGMOG00000016261	30
ENSGMOG00000016277	97
ENSGMOG00000016301	575
ENSGMOG00000003428	68537
ENSGMOG00000003481	965
ENSGMOG00000003527	7223
ENSGMOG00000003544	9
ENSGMOG00000003693	0
ENSGMOG00000006047	357
ENSGMOG00000006057	660
ENSGMOG00000006101	0
ENSGMOG00000006113	0
ENSGMOG00000006115	1344
ENSGMOG00000006126	3495
ENSGMOG00000020221	6
ENSGMOG00000007232	176
ENSGMOG00000007238	18
ENSGMOG00000007246	14551
ENSGMOG00000007251	1480
ENSGMOG00000007258	2560
ENSGMOG00000007299	2477
ENSGMOG00000007309	1
ENSGMOG00000007319	3
ENSGMOG00000007328	204
ENSGMOG00000007338	10
ENSGMOG00000007362	0
ENSGMOG00000007366	1149
ENSGMOG00000007378	145
ENSGMOG00000007399	1003
ENSGMOG00000007403	920
ENSGMOG00000007408	76
ENSGMOG00000007416	919
ENSGMOG00000007426	26
ENSGMOG00000007440	345
ENSGMOG00000007449	841
ENSGMOG00000007459	824
ENSGMOG00000007470	1102
ENSGMOG00000014388	101
ENSGMOG00000006970	440
ENSGMOG00000006988	76
ENSGMOG00000006993	0
ENSGMOG00000007007	0
ENSGMOG00000007014	0
ENSGMOG00000007024	0
ENSGMOG00000007029	0
ENSGMOG00000007038	1051
ENSGMOG00000020259	70
ENSGMOG00000007058	64
ENSGMOG00000007071	3820
ENSGMOG00000007105	104251
ENSGMOG00000007110	8
ENSGMOG00000007120	609
ENSGMOG00000015416	1388
ENSGMOG00000013343	221
ENSGMOG00000013353	101
ENSGMOG00000013386	84
ENSGMOG00000013402	33
ENSGMOG00000013417	1652
ENSGMOG00000013437	1059
ENSGMOG00000013448	25207
ENSGMOG00000013462	146
ENSGMOG00000013469	87
ENSGMOG00000013498	534
ENSGMOG00000013504	146
ENSGMOG00000013513	136
ENSGMOG00000013532	1162
ENSGMOG00000013550	488
ENSGMOG00000013565	413
ENSGMOG00000008392	377
ENSGMOG00000008396	224
ENSGMOG00000008398	1
ENSGMOG00000008399	2630
ENSGMOG00000008400	1497
ENSGMOG00000008402	1097
ENSGMOG00000008406	139
ENSGMOG00000008408	1611
ENSGMOG00000008411	0
ENSGMOG00000008414	1470
ENSGMOG00000008418	0
ENSGMOG00000008419	51
ENSGMOG00000008420	0
ENSGMOG00000008422	200
ENSGMOG00000008423	1410
ENSGMOG00000008425	65
ENSGMOG00000008426	50
ENSGMOG00000020411	0
ENSGMOG00000008428	64
ENSGMOG00000008429	18
ENSGMOG00000008430	3
ENSGMOG00000008434	7
ENSGMOG00000008435	9
ENSGMOG00000004795	57
ENSGMOG00000004894	169
ENSGMOG00000004905	3034
ENSGMOG00000004927	294
ENSGMOG00000000072	7
ENSGMOG00000000074	161
ENSGMOG00000000076	128
ENSGMOG00000000080	50
ENSGMOG00000000081	284
ENSGMOG00000000083	355
ENSGMOG00000000086	47
ENSGMOG00000000087	9017
ENSGMOG00000000093	748
ENSGMOG00000000095	1906
ENSGMOG00000000119	24
ENSGMOG00000000123	1325
ENSGMOG00000019754	17
ENSGMOG00000000126	1081
ENSGMOG00000000135	363
ENSGMOG00000000138	97
ENSGMOG00000000141	7
ENSGMOG00000000159	2658
ENSGMOG00000000162	5
ENSGMOG00000008381	0
ENSGMOG00000013452	2486
ENSGMOG00000006765	5064
ENSGMOG00000006777	8
ENSGMOG00000006788	4
ENSGMOG00000006797	88347
ENSGMOG00000006815	21
ENSGMOG00000006831	2
ENSGMOG00000006843	0
ENSGMOG00000006847	0
ENSGMOG00000020941	9
ENSGMOG00000006851	119
ENSGMOG00000006868	0
ENSGMOG00000006908	0
ENSGMOG00000006935	0
ENSGMOG00000006937	1
ENSGMOG00000006965	2355
ENSGMOG00000006979	73
ENSGMOG00000007005	31
ENSGMOG00000007022	18
ENSGMOG00000007033	695
ENSGMOG00000007048	3
ENSGMOG00000007052	1
ENSGMOG00000007056	493
ENSGMOG00000007059	188
ENSGMOG00000007068	8668
ENSGMOG00000020766	0
ENSGMOG00000021085	3
ENSGMOG00000007080	465
ENSGMOG00000007085	87
ENSGMOG00000007094	737
ENSGMOG00000020245	817
ENSGMOG00000020246	608
ENSGMOG00000020247	1
ENSGMOG00000007100	0
ENSGMOG00000020248	0
ENSGMOG00000020249	3
ENSGMOG00000020250	0
ENSGMOG00000007104	1
ENSGMOG00000007109	3166
ENSGMOG00000007140	14
ENSGMOG00000021177	15
ENSGMOG00000022001	7
ENSGMOG00000021120	13
ENSGMOG00000020870	87
ENSGMOG00000021861	3
ENSGMOG00000007148	47
ENSGMOG00000007152	641
ENSGMOG00000007165	134
ENSGMOG00000007174	59
ENSGMOG00000007183	8
ENSGMOG00000002481	8
ENSGMOG00000002528	272
ENSGMOG00000002573	0
ENSGMOG00000002601	150
ENSGMOG00000002622	109
ENSGMOG00000002661	0
ENSGMOG00000002705	1
ENSGMOG00000002722	24
ENSGMOG00000002737	475
ENSGMOG00000002761	1
ENSGMOG00000002782	1
ENSGMOG00000002805	2
ENSGMOG00000002844	236
ENSGMOG00000002857	0
ENSGMOG00000002873	0
ENSGMOG00000001246	177
ENSGMOG00000001268	274
ENSGMOG00000001293	750
ENSGMOG00000001301	119
ENSGMOG00000001314	500
ENSGMOG00000001328	274
ENSGMOG00000001352	0
ENSGMOG00000001390	46
ENSGMOG00000001426	0
ENSGMOG00000001435	365
ENSGMOG00000001457	309
ENSGMOG00000001493	1104
ENSGMOG00000013455	2102
ENSGMOG00000013501	379
ENSGMOG00000013519	24
ENSGMOG00000013539	63
ENSGMOG00000013559	16
ENSGMOG00000013570	1315
ENSGMOG00000013584	42
ENSGMOG00000013600	0
ENSGMOG00000013604	0
ENSGMOG00000013624	1352
ENSGMOG00000013631	0
ENSGMOG00000013639	0
ENSGMOG00000013651	601
ENSGMOG00000013684	246
ENSGMOG00000013705	311
ENSGMOG00000013716	1
ENSGMOG00000013726	137
ENSGMOG00000013740	2182
ENSGMOG00000013764	27
ENSGMOG00000013797	961
ENSGMOG00000013839	7
ENSGMOG00000017713	4876
ENSGMOG00000000761	131
ENSGMOG00000000768	0
ENSGMOG00000000780	195
ENSGMOG00000000787	1656
ENSGMOG00000000808	208
ENSGMOG00000000828	9
ENSGMOG00000000835	653
ENSGMOG00000000850	0
ENSGMOG00000000863	1
ENSGMOG00000000526	3130
ENSGMOG00000000534	9928
ENSGMOG00000000554	849
ENSGMOG00000000623	4844
ENSGMOG00000000654	188
ENSGMOG00000000673	1013
ENSGMOG00000000688	54
ENSGMOG00000000713	152
ENSGMOG00000000722	939
ENSGMOG00000019783	5
ENSGMOG00000016959	2
ENSGMOG00000016976	627
ENSGMOG00000017012	3292
ENSGMOG00000017018	29
ENSGMOG00000017042	561
ENSGMOG00000017069	1888
ENSGMOG00000017143	7530
ENSGMOG00000017232	32
ENSGMOG00000017244	177
ENSGMOG00000017264	11
ENSGMOG00000017305	262
ENSGMOG00000017340	911
ENSGMOG00000017378	102
ENSGMOG00000017389	100
ENSGMOG00000017405	3755
ENSGMOG00000017543	420
ENSGMOG00000017574	628
ENSGMOG00000017600	27
ENSGMOG00000014722	132
ENSGMOG00000014732	504
ENSGMOG00000014772	822
ENSGMOG00000014806	82
ENSGMOG00000014828	563
ENSGMOG00000014838	2974
ENSGMOG00000014861	6
ENSGMOG00000014874	13
ENSGMOG00000014902	2
ENSGMOG00000014922	766
ENSGMOG00000014959	0
ENSGMOG00000014991	1
ENSGMOG00000015012	1
ENSGMOG00000015018	213
ENSGMOG00000015063	828
ENSGMOG00000019900	0
ENSGMOG00000015083	9132
ENSGMOG00000015104	2
ENSGMOG00000015114	218
ENSGMOG00000015123	575
ENSGMOG00000015150	0
ENSGMOG00000015165	412
ENSGMOG00000015182	157
ENSGMOG00000015199	80
ENSGMOG00000015223	8
ENSGMOG00000015241	18
ENSGMOG00000015299	414
ENSGMOG00000015326	579
ENSGMOG00000015344	1358
ENSGMOG00000015378	365
ENSGMOG00000015434	1392
ENSGMOG00000009928	741
ENSGMOG00000009935	63
ENSGMOG00000014248	1
ENSGMOG00000014257	11
ENSGMOG00000014365	103
ENSGMOG00000014386	296
ENSGMOG00000014397	1901
ENSGMOG00000014412	817
ENSGMOG00000014446	16
ENSGMOG00000014478	446
ENSGMOG00000014494	388
ENSGMOG00000014570	1513
ENSGMOG00000014587	55
ENSGMOG00000014621	1110
ENSGMOG00000014702	1494
ENSGMOG00000014765	222
ENSGMOG00000014775	109
ENSGMOG00000014796	100
ENSGMOG00000014805	75
ENSGMOG00000014813	77
ENSGMOG00000014846	1
ENSGMOG00000014860	0
ENSGMOG00000014886	119
ENSGMOG00000014907	8267
ENSGMOG00000014941	715
ENSGMOG00000014973	2
ENSGMOG00000011367	281
ENSGMOG00000011436	130
ENSGMOG00000011442	1
ENSGMOG00000011455	113
ENSGMOG00000011463	26076
ENSGMOG00000011470	3391
ENSGMOG00000011483	83
ENSGMOG00000011487	165
ENSGMOG00000011494	125
ENSGMOG00000021239	6
ENSGMOG00000011500	115
ENSGMOG00000011503	0
ENSGMOG00000015855	1
ENSGMOG00000015861	744
ENSGMOG00000015887	27
ENSGMOG00000015925	50
ENSGMOG00000015946	9
ENSGMOG00000009292	13
ENSGMOG00000009300	654
ENSGMOG00000009362	2260
ENSGMOG00000009403	8188
ENSGMOG00000009428	806
ENSGMOG00000009432	1030
ENSGMOG00000009437	737
ENSGMOG00000009451	2
ENSGMOG00000009465	75
ENSGMOG00000009477	4
ENSGMOG00000015868	1111
ENSGMOG00000016216	789
ENSGMOG00000016241	6
ENSGMOG00000016286	559
ENSGMOG00000021908	4
ENSGMOG00000016319	3395
ENSGMOG00000016342	2690
ENSGMOG00000016375	2025
ENSGMOG00000016403	2712
ENSGMOG00000016420	411
ENSGMOG00000016432	0
ENSGMOG00000016455	300
ENSGMOG00000016482	28
ENSGMOG00000016502	35
ENSGMOG00000016511	0
ENSGMOG00000016523	0
ENSGMOG00000016540	19
ENSGMOG00000019377	20
ENSGMOG00000019380	3
ENSGMOG00000019383	0
ENSGMOG00000019384	1165
ENSGMOG00000019388	63
ENSGMOG00000019391	404
ENSGMOG00000019396	1527
ENSGMOG00000019399	1306
ENSGMOG00000019408	0
ENSGMOG00000019422	122
ENSGMOG00000019431	466
ENSGMOG00000019437	323
ENSGMOG00000019439	525
ENSGMOG00000019451	452
ENSGMOG00000019453	0
ENSGMOG00000019470	6045
ENSGMOG00000013786	45
ENSGMOG00000013840	2984
ENSGMOG00000013873	684
ENSGMOG00000013920	300
ENSGMOG00000013942	2433
ENSGMOG00000013974	283
ENSGMOG00000020066	4802
ENSGMOG00000013995	396
ENSGMOG00000014015	3979
ENSGMOG00000020067	700
ENSGMOG00000014074	2433
ENSGMOG00000014113	955
ENSGMOG00000014132	16
ENSGMOG00000022078	4
ENSGMOG00000014172	611
ENSGMOG00000014198	310
ENSGMOG00000014214	731
ENSGMOG00000014233	360
ENSGMOG00000014289	309
ENSGMOG00000020068	392
ENSGMOG00000014312	370
ENSGMOG00000014345	0
ENSGMOG00000014363	516
ENSGMOG00000014403	93
ENSGMOG00000014413	3
ENSGMOG00000019948	733
ENSGMOG00000015252	76
ENSGMOG00000015259	179
ENSGMOG00000015277	3290
ENSGMOG00000015307	0
ENSGMOG00000015320	0
ENSGMOG00000015333	687
ENSGMOG00000015364	1
ENSGMOG00000015370	1
ENSGMOG00000015386	121
ENSGMOG00000015397	1074
ENSGMOG00000015401	26508
ENSGMOG00000015413	79
ENSGMOG00000015432	0
ENSGMOG00000015440	32
ENSGMOG00000015482	257
ENSGMOG00000015497	91
ENSGMOG00000015518	3476
ENSGMOG00000015541	22
ENSGMOG00000015572	0
ENSGMOG00000009665	6806
ENSGMOG00000009671	66
ENSGMOG00000009675	3511
ENSGMOG00000009689	93
ENSGMOG00000009696	498
ENSGMOG00000009700	3614
ENSGMOG00000009718	625
ENSGMOG00000009740	901
ENSGMOG00000021446	0
ENSGMOG00000022147	4
ENSGMOG00000019895	0
ENSGMOG00000009768	233
ENSGMOG00000000010	0
ENSGMOG00000001207	545
ENSGMOG00000001228	299
ENSGMOG00000001568	407
ENSGMOG00000001608	0
ENSGMOG00000001617	10
ENSGMOG00000001663	8
ENSGMOG00000001676	6
ENSGMOG00000001680	117
ENSGMOG00000020855	0
ENSGMOG00000001791	845
ENSGMOG00000001814	1112
ENSGMOG00000001827	738
ENSGMOG00000001836	210
ENSGMOG00000008673	62
ENSGMOG00000008694	382
ENSGMOG00000008706	1098
ENSGMOG00000008728	1006
ENSGMOG00000008768	29
ENSGMOG00000008810	23
ENSGMOG00000008816	11579
ENSGMOG00000008826	2
ENSGMOG00000008840	118
ENSGMOG00000008846	38
ENSGMOG00000008893	0
ENSGMOG00000008897	349
ENSGMOG00000008913	1395
ENSGMOG00000008925	11
ENSGMOG00000008934	1162
ENSGMOG00000008953	513
ENSGMOG00000008969	0
ENSGMOG00000021081	2
ENSGMOG00000021761	0
ENSGMOG00000021666	0
ENSGMOG00000021684	0
ENSGMOG00000021066	4
ENSGMOG00000021520	17
ENSGMOG00000006637	1
ENSGMOG00000006648	0
ENSGMOG00000006658	111
ENSGMOG00000006665	574
ENSGMOG00000006690	169
ENSGMOG00000006701	0
ENSGMOG00000006709	3
ENSGMOG00000006723	1
ENSGMOG00000006736	1834
ENSGMOG00000006775	4272
ENSGMOG00000020239	1
ENSGMOG00000006781	7323
ENSGMOG00000006800	171
ENSGMOG00000006804	37790
ENSGMOG00000006860	31409
ENSGMOG00000006884	20779
ENSGMOG00000006898	2540
ENSGMOG00000006903	2487
ENSGMOG00000006933	4796
ENSGMOG00000006942	299
ENSGMOG00000006950	331
ENSGMOG00000006955	6
ENSGMOG00000006986	0
ENSGMOG00000007002	5
ENSGMOG00000015202	29
ENSGMOG00000015211	0
ENSGMOG00000015247	1500
ENSGMOG00000015293	39
ENSGMOG00000015306	57
ENSGMOG00000015321	661
ENSGMOG00000015360	5559
ENSGMOG00000015412	413
ENSGMOG00000015455	1130
ENSGMOG00000015511	22
ENSGMOG00000015530	11027
ENSGMOG00000015559	100503
ENSGMOG00000015575	5
ENSGMOG00000015590	8430
ENSGMOG00000015621	1729
ENSGMOG00000015651	773
ENSGMOG00000015710	54
ENSGMOG00000015751	3
ENSGMOG00000004456	611
ENSGMOG00000004471	6
ENSGMOG00000019273	157
ENSGMOG00000019277	1282
ENSGMOG00000019300	1
ENSGMOG00000019318	166
ENSGMOG00000001333	44
ENSGMOG00000001477	3601
ENSGMOG00000001491	3675
ENSGMOG00000019956	3
ENSGMOG00000000055	623
ENSGMOG00000000061	2004
ENSGMOG00000000068	194
ENSGMOG00000000075	3539
ENSGMOG00000000077	68
ENSGMOG00000000084	286
ENSGMOG00000000085	173
ENSGMOG00000000088	126
ENSGMOG00000000098	67
ENSGMOG00000000103	2
ENSGMOG00000000115	3
ENSGMOG00000000121	0
ENSGMOG00000000128	559
ENSGMOG00000000133	2240
ENSGMOG00000000168	0
ENSGMOG00000000172	1293
ENSGMOG00000000180	3
ENSGMOG00000000183	0
ENSGMOG00000019753	0
ENSGMOG00000000186	416
ENSGMOG00000000193	851
ENSGMOG00000000198	839
ENSGMOG00000000208	1036
ENSGMOG00000018450	178
ENSGMOG00000018466	524
ENSGMOG00000020284	10
ENSGMOG00000018510	4
ENSGMOG00000018530	780
ENSGMOG00000018556	704
ENSGMOG00000018570	196
ENSGMOG00000018582	0
ENSGMOG00000018610	0
ENSGMOG00000018616	0
ENSGMOG00000018619	1778
ENSGMOG00000018647	275
ENSGMOG00000018659	0
ENSGMOG00000018680	0
ENSGMOG00000018695	343
ENSGMOG00000018705	8
ENSGMOG00000018723	284
ENSGMOG00000018745	1886
ENSGMOG00000018785	394
ENSGMOG00000018797	400
ENSGMOG00000018824	46
ENSGMOG00000018835	5
ENSGMOG00000018854	0
ENSGMOG00000018860	121
ENSGMOG00000018868	3857
ENSGMOG00000018877	6
ENSGMOG00000018880	17
ENSGMOG00000005095	352
ENSGMOG00000005196	34
ENSGMOG00000005210	2
ENSGMOG00000005244	3697
ENSGMOG00000005290	71
ENSGMOG00000005307	250
ENSGMOG00000005344	26
ENSGMOG00000010157	687
ENSGMOG00000010166	119
ENSGMOG00000010190	516
ENSGMOG00000010207	61
ENSGMOG00000010220	282
ENSGMOG00000010234	970
ENSGMOG00000010240	14402
ENSGMOG00000010247	22540
ENSGMOG00000010252	3735
ENSGMOG00000010268	6238
ENSGMOG00000010283	8938
ENSGMOG00000010292	0
ENSGMOG00000010301	14
ENSGMOG00000010320	1760
ENSGMOG00000010330	383
ENSGMOG00000010346	117
ENSGMOG00000010360	180
ENSGMOG00000010370	4
ENSGMOG00000010394	0
ENSGMOG00000010400	202
ENSGMOG00000001215	687
ENSGMOG00000001235	1414
ENSGMOG00000001247	327
ENSGMOG00000001286	22
ENSGMOG00000001649	487
ENSGMOG00000001659	252
ENSGMOG00000001716	1147
ENSGMOG00000001744	125
ENSGMOG00000001760	1
ENSGMOG00000001784	0
ENSGMOG00000001815	0
ENSGMOG00000001821	19
ENSGMOG00000001848	3204
ENSGMOG00000001887	0
ENSGMOG00000002398	5395
ENSGMOG00000002427	681
ENSGMOG00000002449	7691
ENSGMOG00000009164	2898
ENSGMOG00000009184	3289
ENSGMOG00000009216	772
ENSGMOG00000009225	99
ENSGMOG00000009232	729
ENSGMOG00000009259	1212
ENSGMOG00000009272	200
ENSGMOG00000009279	534
ENSGMOG00000009287	33
ENSGMOG00000021778	0
ENSGMOG00000006837	212
ENSGMOG00000006846	184
ENSGMOG00000006852	0
ENSGMOG00000006856	1125
ENSGMOG00000006867	143
ENSGMOG00000006889	6932
ENSGMOG00000006901	0
ENSGMOG00000006917	1
ENSGMOG00000006927	5398
ENSGMOG00000006939	965
ENSGMOG00000006976	0
ENSGMOG00000006981	488
ENSGMOG00000007012	1948
ENSGMOG00000018921	5
ENSGMOG00000018937	2212
ENSGMOG00000018949	776
ENSGMOG00000018954	467
ENSGMOG00000018965	1050
ENSGMOG00000018972	501
ENSGMOG00000018984	66
ENSGMOG00000018991	766
ENSGMOG00000019001	48
ENSGMOG00000019023	915
ENSGMOG00000019033	1504
ENSGMOG00000021997	9
ENSGMOG00000019038	0
ENSGMOG00000019052	1265
ENSGMOG00000019076	9
ENSGMOG00000019093	477
ENSGMOG00000019105	1212
ENSGMOG00000019110	13
ENSGMOG00000019117	6
ENSGMOG00000019135	102
ENSGMOG00000019142	721
ENSGMOG00000005411	1
ENSGMOG00000005441	0
ENSGMOG00000005447	86
ENSGMOG00000005473	2011
ENSGMOG00000020447	13266
ENSGMOG00000020448	0
ENSGMOG00000005489	35
ENSGMOG00000020449	292
ENSGMOG00000005515	28
ENSGMOG00000005591	27
ENSGMOG00000005601	19
ENSGMOG00000005622	62
ENSGMOG00000005649	32
ENSGMOG00000005694	1906
ENSGMOG00000021153	1
ENSGMOG00000021392	0
ENSGMOG00000021476	0
ENSGMOG00000005715	3291
ENSGMOG00000005744	7010
ENSGMOG00000005764	29
ENSGMOG00000005771	69
ENSGMOG00000005807	296
ENSGMOG00000005825	326
ENSGMOG00000005861	276
ENSGMOG00000005885	8
ENSGMOG00000005897	0
ENSGMOG00000015295	8
ENSGMOG00000015322	1
ENSGMOG00000015485	0
ENSGMOG00000019953	538
ENSGMOG00000019958	0
ENSGMOG00000015500	0
ENSGMOG00000015547	189
ENSGMOG00000019959	64
ENSGMOG00000015789	4
ENSGMOG00000015837	716
ENSGMOG00000015845	0
ENSGMOG00000019018	10
ENSGMOG00000019058	992
ENSGMOG00000019061	832
ENSGMOG00000019070	263
ENSGMOG00000019072	8
ENSGMOG00000019078	3
ENSGMOG00000019085	7
ENSGMOG00000019111	0
ENSGMOG00000019115	3523
ENSGMOG00000019127	2481
ENSGMOG00000019134	1425
ENSGMOG00000019140	468
ENSGMOG00000019150	15
ENSGMOG00000019162	38
ENSGMOG00000018129	421
ENSGMOG00000018152	445
ENSGMOG00000018204	86
ENSGMOG00000018222	162
ENSGMOG00000018243	2
ENSGMOG00000018248	244
ENSGMOG00000018277	368
ENSGMOG00000018297	2003
ENSGMOG00000016340	4572
ENSGMOG00000016356	134
ENSGMOG00000016389	1298
ENSGMOG00000016404	19
ENSGMOG00000016454	707
ENSGMOG00000016466	2217
ENSGMOG00000016496	11
ENSGMOG00000016520	215
ENSGMOG00000001370	0
ENSGMOG00000001387	1
ENSGMOG00000001398	1
ENSGMOG00000001403	84
ENSGMOG00000007766	5
ENSGMOG00000007773	2
ENSGMOG00000020798	7
ENSGMOG00000021884	23
ENSGMOG00000007775	222
ENSGMOG00000007777	29
ENSGMOG00000007783	180
ENSGMOG00000007784	479
ENSGMOG00000007791	54
ENSGMOG00000018238	1
ENSGMOG00000020272	0
ENSGMOG00000018249	7
ENSGMOG00000018255	1
ENSGMOG00000018269	12
ENSGMOG00000012544	1942
ENSGMOG00000012548	0
ENSGMOG00000020606	0
ENSGMOG00000012557	201
ENSGMOG00000012559	181
ENSGMOG00000012562	122
ENSGMOG00000012569	1048
ENSGMOG00000012571	679
ENSGMOG00000012573	438
ENSGMOG00000012575	1
ENSGMOG00000012577	802
ENSGMOG00000012580	531
ENSGMOG00000012585	911
ENSGMOG00000012587	174
ENSGMOG00000012591	0
ENSGMOG00000012597	33
ENSGMOG00000012600	0
ENSGMOG00000012603	6
ENSGMOG00000003444	118
ENSGMOG00000003480	16
ENSGMOG00000003496	3828
ENSGMOG00000003615	602
ENSGMOG00000003652	1222
ENSGMOG00000003679	1477
ENSGMOG00000003741	8
ENSGMOG00000003753	1244
ENSGMOG00000003764	97
ENSGMOG00000003773	3225
ENSGMOG00000003798	32
ENSGMOG00000003843	340
ENSGMOG00000004142	3498
ENSGMOG00000004198	10881
ENSGMOG00000004212	923
ENSGMOG00000004267	1
ENSGMOG00000004312	607
ENSGMOG00000004353	96
ENSGMOG00000004375	72
ENSGMOG00000004390	1373
ENSGMOG00000013615	1569
ENSGMOG00000013638	786
ENSGMOG00000013676	641
ENSGMOG00000016584	1533
ENSGMOG00000016611	262
ENSGMOG00000016616	176
ENSGMOG00000016642	3
ENSGMOG00000016667	436
ENSGMOG00000016703	0
ENSGMOG00000016713	1
ENSGMOG00000016720	2
ENSGMOG00000016734	686
ENSGMOG00000016805	0
ENSGMOG00000020380	0
ENSGMOG00000016816	1
ENSGMOG00000016835	0
ENSGMOG00000016855	182
ENSGMOG00000016875	5662
ENSGMOG00000016907	266
ENSGMOG00000016918	6
ENSGMOG00000016936	2
ENSGMOG00000016964	181
ENSGMOG00000016982	1961
ENSGMOG00000016998	638
ENSGMOG00000017015	1555
ENSGMOG00000020386	42
ENSGMOG00000017040	128
ENSGMOG00000017071	242
ENSGMOG00000017086	1042
ENSGMOG00000017121	15
ENSGMOG00000015430	402
ENSGMOG00000015453	6
ENSGMOG00000015463	0
ENSGMOG00000015517	13
ENSGMOG00000015527	350
ENSGMOG00000015554	159
ENSGMOG00000015577	44472
ENSGMOG00000015588	547
ENSGMOG00000015687	98
ENSGMOG00000015719	585
ENSGMOG00000015742	2
ENSGMOG00000015752	2901
ENSGMOG00000015761	112
ENSGMOG00000015785	741
ENSGMOG00000021562	0
ENSGMOG00000019978	14
ENSGMOG00000015801	205
ENSGMOG00000015859	119
ENSGMOG00000015871	2441
ENSGMOG00000015909	1436
ENSGMOG00000002127	1271
ENSGMOG00000002172	3508
ENSGMOG00000002185	1037
ENSGMOG00000002200	249
ENSGMOG00000002223	55
ENSGMOG00000002263	44
ENSGMOG00000002271	2122
ENSGMOG00000002286	0
ENSGMOG00000002303	5
ENSGMOG00000002457	1010
ENSGMOG00000002482	102
ENSGMOG00000002527	5737
ENSGMOG00000002553	200
ENSGMOG00000002597	772
ENSGMOG00000002666	12
ENSGMOG00000002725	3964
ENSGMOG00000002748	35
ENSGMOG00000002801	310
ENSGMOG00000002825	12
ENSGMOG00000020925	1
ENSGMOG00000006487	217
ENSGMOG00000020233	748
ENSGMOG00000006493	755
ENSGMOG00000006569	791
ENSGMOG00000006578	457
ENSGMOG00000006605	2966
ENSGMOG00000006650	120
ENSGMOG00000006671	338
ENSGMOG00000006677	978
ENSGMOG00000006695	207
ENSGMOG00000006704	105
ENSGMOG00000006731	4040
ENSGMOG00000006744	241
ENSGMOG00000006757	1808
ENSGMOG00000006791	548
ENSGMOG00000006814	489
ENSGMOG00000006818	0
ENSGMOG00000006833	1
ENSGMOG00000006848	7462
ENSGMOG00000006864	3
ENSGMOG00000006875	1881
ENSGMOG00000006881	553
ENSGMOG00000006895	0
ENSGMOG00000006906	0
ENSGMOG00000006913	298
ENSGMOG00000009308	278
ENSGMOG00000009312	1
ENSGMOG00000009319	4253
ENSGMOG00000009326	7590
ENSGMOG00000009332	323
ENSGMOG00000009342	1044
ENSGMOG00000009350	5975
ENSGMOG00000009358	11
ENSGMOG00000013798	20
ENSGMOG00000013888	81
ENSGMOG00000013915	290
ENSGMOG00000021309	2
ENSGMOG00000021722	7
ENSGMOG00000020961	1
ENSGMOG00000013960	202
ENSGMOG00000013979	1876
ENSGMOG00000014079	289
ENSGMOG00000014108	2617
ENSGMOG00000014168	406
ENSGMOG00000014177	911
ENSGMOG00000014206	808
ENSGMOG00000014243	7074
ENSGMOG00000014253	45
ENSGMOG00000014274	18
ENSGMOG00000014316	4033
ENSGMOG00000014338	332
ENSGMOG00000014360	0
ENSGMOG00000014378	0
ENSGMOG00000000367	93
ENSGMOG00000000405	529
ENSGMOG00000000417	213
ENSGMOG00000000421	1434
ENSGMOG00000000436	41990
ENSGMOG00000000486	8547
ENSGMOG00000000501	3729
ENSGMOG00000000525	2266
ENSGMOG00000000551	100
ENSGMOG00000000562	0
ENSGMOG00000000566	82
ENSGMOG00000000591	4723
ENSGMOG00000000642	907
ENSGMOG00000000706	609
ENSGMOG00000000737	299
ENSGMOG00000000743	1386
ENSGMOG00000000781	590
ENSGMOG00000000794	106
ENSGMOG00000000814	6968
ENSGMOG00000001861	2
ENSGMOG00000019990	0
ENSGMOG00000001865	0
ENSGMOG00000001885	39
ENSGMOG00000001899	1796
ENSGMOG00000001914	219
ENSGMOG00000002008	19
ENSGMOG00000002019	603
ENSGMOG00000002133	209
ENSGMOG00000019991	1
ENSGMOG00000002151	10
ENSGMOG00000002188	111
ENSGMOG00000002199	24
ENSGMOG00000002212	2113
ENSGMOG00000002256	0
ENSGMOG00000002283	584
ENSGMOG00000002350	855
ENSGMOG00000002407	958
ENSGMOG00000002446	6
ENSGMOG00000002473	2043
ENSGMOG00000005679	4
ENSGMOG00000005711	355
ENSGMOG00000005741	535
ENSGMOG00000005762	5
ENSGMOG00000005777	23
ENSGMOG00000005797	217
ENSGMOG00000005835	7
ENSGMOG00000001427	8012
ENSGMOG00000001444	572
ENSGMOG00000001476	3878
ENSGMOG00000001517	324
ENSGMOG00000001524	1436
ENSGMOG00000001543	697
ENSGMOG00000001579	225
ENSGMOG00000001598	99
ENSGMOG00000001632	2
ENSGMOG00000001928	92
ENSGMOG00000001982	72
ENSGMOG00000001993	3290
ENSGMOG00000002009	165
ENSGMOG00000002018	540
ENSGMOG00000002044	104
ENSGMOG00000002066	299
ENSGMOG00000002079	1732
ENSGMOG00000002094	437
ENSGMOG00000002129	0
ENSGMOG00000002160	0
ENSGMOG00000002182	271
ENSGMOG00000002206	2288
ENSGMOG00000002247	1098
ENSGMOG00000002277	145
ENSGMOG00000002291	104
ENSGMOG00000002298	44
ENSGMOG00000017464	0
ENSGMOG00000002300	362
ENSGMOG00000002319	150
ENSGMOG00000002340	2493
ENSGMOG00000002369	0
ENSGMOG00000003686	140
ENSGMOG00000003707	0
ENSGMOG00000003716	927
ENSGMOG00000003855	15
ENSGMOG00000003872	2722
ENSGMOG00000003909	598
ENSGMOG00000003972	24
ENSGMOG00000021640	0
ENSGMOG00000003990	12
ENSGMOG00000004064	0
ENSGMOG00000004076	0
ENSGMOG00000004092	623
ENSGMOG00000004136	244
ENSGMOG00000004179	0
ENSGMOG00000004275	242
ENSGMOG00000004342	200
ENSGMOG00000004384	41
ENSGMOG00000004392	172
ENSGMOG00000004574	87
ENSGMOG00000004389	2370
ENSGMOG00000004415	90
ENSGMOG00000004498	3238
ENSGMOG00000004559	8
ENSGMOG00000004572	98
ENSGMOG00000004577	1574
ENSGMOG00000004591	219
ENSGMOG00000004606	0
ENSGMOG00000004619	0
ENSGMOG00000004627	11
ENSGMOG00000004643	409
ENSGMOG00000004658	269
ENSGMOG00000004669	351
ENSGMOG00000004717	2749
ENSGMOG00000004757	430
ENSGMOG00000004770	4006
ENSGMOG00000021863	0
ENSGMOG00000021457	0
ENSGMOG00000021234	0
ENSGMOG00000015580	605
ENSGMOG00000015609	548
ENSGMOG00000011400	1
ENSGMOG00000011403	13
ENSGMOG00000011406	79
ENSGMOG00000011416	171
ENSGMOG00000011421	1409
ENSGMOG00000011427	620
ENSGMOG00000011433	2
ENSGMOG00000011440	4
ENSGMOG00000011450	12345
ENSGMOG00000011456	0
ENSGMOG00000011467	982
ENSGMOG00000011475	520
ENSGMOG00000011485	433
ENSGMOG00000011496	12068
ENSGMOG00000011507	1615
ENSGMOG00000021834	2
ENSGMOG00000011514	110
ENSGMOG00000011529	1
ENSGMOG00000011536	1101
ENSGMOG00000011545	92
ENSGMOG00000020146	23
ENSGMOG00000020147	1
ENSGMOG00000011567	914
ENSGMOG00000010547	538
ENSGMOG00000010558	143
ENSGMOG00000010563	14
ENSGMOG00000010578	24
ENSGMOG00000010590	0
ENSGMOG00000010604	301
ENSGMOG00000010630	2
ENSGMOG00000010636	616
ENSGMOG00000010647	3147
ENSGMOG00000010664	221
ENSGMOG00000010675	108
ENSGMOG00000010678	5133
ENSGMOG00000010686	1762
ENSGMOG00000010707	1535
ENSGMOG00000010710	29
ENSGMOG00000010726	515
ENSGMOG00000010740	14987
ENSGMOG00000010796	113
ENSGMOG00000010814	87
ENSGMOG00000010830	8982
ENSGMOG00000012744	6
ENSGMOG00000012749	108
ENSGMOG00000012808	627
ENSGMOG00000012814	291
ENSGMOG00000012818	13
ENSGMOG00000012827	1128
ENSGMOG00000012838	0
ENSGMOG00000012845	0
ENSGMOG00000012850	10
ENSGMOG00000012861	2675
ENSGMOG00000012871	255
ENSGMOG00000012876	623
ENSGMOG00000012880	10
ENSGMOG00000012883	0
ENSGMOG00000012892	7
ENSGMOG00000012896	6
ENSGMOG00000012917	0
ENSGMOG00000012922	21
ENSGMOG00000012939	0
ENSGMOG00000012952	0
ENSGMOG00000011411	561
ENSGMOG00000011417	0
ENSGMOG00000011423	0
ENSGMOG00000011430	0
ENSGMOG00000020149	134
ENSGMOG00000011443	160
ENSGMOG00000011452	41
ENSGMOG00000011458	2
ENSGMOG00000011468	2886
ENSGMOG00000011484	1672
ENSGMOG00000011511	79
ENSGMOG00000011521	87
ENSGMOG00000011542	1528
ENSGMOG00000011563	25
ENSGMOG00000011573	1412
ENSGMOG00000011590	74
ENSGMOG00000011607	2760
ENSGMOG00000011622	52
ENSGMOG00000011632	57
ENSGMOG00000004602	0
ENSGMOG00000004718	314
ENSGMOG00000004731	10
ENSGMOG00000004735	1
ENSGMOG00000004752	2376
ENSGMOG00000004777	3133
ENSGMOG00000004822	113
ENSGMOG00000004851	40
ENSGMOG00000004874	393
ENSGMOG00000004906	0
ENSGMOG00000004915	1
ENSGMOG00000004935	45
ENSGMOG00000004975	2663
ENSGMOG00000004996	156
ENSGMOG00000005022	353
ENSGMOG00000021828	0
ENSGMOG00000004798	25
ENSGMOG00000004829	7041
ENSGMOG00000004934	741
ENSGMOG00000004944	539
ENSGMOG00000004977	1997
ENSGMOG00000005031	3152
ENSGMOG00000005045	956
ENSGMOG00000005058	561
ENSGMOG00000005090	7
ENSGMOG00000005100	1527
ENSGMOG00000005169	0
ENSGMOG00000005188	0
ENSGMOG00000005202	58
ENSGMOG00000006809	1019
ENSGMOG00000006826	586
ENSGMOG00000006838	197
ENSGMOG00000006849	1559
ENSGMOG00000006854	235
ENSGMOG00000006880	0
ENSGMOG00000018623	0
ENSGMOG00000018654	89662
ENSGMOG00000018660	8646
ENSGMOG00000018666	436
ENSGMOG00000018674	42
ENSGMOG00000018684	118
ENSGMOG00000018711	103
ENSGMOG00000018727	393
ENSGMOG00000018744	2
ENSGMOG00000018771	3664
ENSGMOG00000018783	287
ENSGMOG00000018795	14
ENSGMOG00000018809	0
ENSGMOG00000018827	0
ENSGMOG00000018841	1093
ENSGMOG00000016083	0
ENSGMOG00000016104	1
ENSGMOG00000016118	0
ENSGMOG00000021516	0
ENSGMOG00000002631	149
ENSGMOG00000002644	929
ENSGMOG00000002676	703
ENSGMOG00000002710	0
ENSGMOG00000002773	40
ENSGMOG00000002792	698
ENSGMOG00000002809	1447
ENSGMOG00000000078	0
ENSGMOG00000000082	1364
ENSGMOG00000000091	2062
ENSGMOG00000019755	92
ENSGMOG00000000097	61051
ENSGMOG00000006251	305
ENSGMOG00000006272	1
ENSGMOG00000006282	486
ENSGMOG00000006295	169
ENSGMOG00000006318	263
ENSGMOG00000006334	356
ENSGMOG00000006355	29
ENSGMOG00000021632	0
ENSGMOG00000006363	97
ENSGMOG00000000625	2447
ENSGMOG00000000630	1149
ENSGMOG00000019791	1389
ENSGMOG00000000669	1617
ENSGMOG00000000715	1487
ENSGMOG00000000738	1390
ENSGMOG00000000759	26
ENSGMOG00000000777	25
ENSGMOG00000000801	1183
ENSGMOG00000000815	111
ENSGMOG00000003572	40760
ENSGMOG00000019731	66
ENSGMOG00000003598	70
ENSGMOG00000003619	1458
ENSGMOG00000003626	6820
ENSGMOG00000003632	6507
ENSGMOG00000019732	14
ENSGMOG00000003698	4
ENSGMOG00000003748	1
ENSGMOG00000003780	0
ENSGMOG00000012857	454
ENSGMOG00000012864	7017
ENSGMOG00000012886	214
ENSGMOG00000012893	330
ENSGMOG00000012909	0
ENSGMOG00000012940	919
ENSGMOG00000013178	98
ENSGMOG00000008552	78
ENSGMOG00000008566	5
ENSGMOG00000008591	2718
ENSGMOG00000008601	8591
ENSGMOG00000021595	0
ENSGMOG00000021145	0
ENSGMOG00000020960	0
ENSGMOG00000008623	0
ENSGMOG00000008634	0
ENSGMOG00000008639	17
ENSGMOG00000008664	1722
ENSGMOG00000019843	661
ENSGMOG00000008678	572
ENSGMOG00000008693	15
ENSGMOG00000008715	3390
ENSGMOG00000008778	0
ENSGMOG00000008788	14
ENSGMOG00000008814	61
ENSGMOG00000007441	80
ENSGMOG00000007456	700
ENSGMOG00000007465	760
ENSGMOG00000007471	2573
ENSGMOG00000007498	680
ENSGMOG00000007510	55
ENSGMOG00000007519	4223
ENSGMOG00000007529	756
ENSGMOG00000007535	818
ENSGMOG00000004450	198
ENSGMOG00000004511	91
ENSGMOG00000004543	934
ENSGMOG00000004583	190
ENSGMOG00000004593	1531
ENSGMOG00000004617	1
ENSGMOG00000004629	41
ENSGMOG00000001975	363
ENSGMOG00000001992	38
ENSGMOG00000002001	10
ENSGMOG00000002028	8672
ENSGMOG00000021468	0
ENSGMOG00000021124	1
ENSGMOG00000002096	440
ENSGMOG00000002114	197
ENSGMOG00000002168	7552
ENSGMOG00000002197	28
ENSGMOG00000002229	185
ENSGMOG00000002251	1
ENSGMOG00000002294	0
ENSGMOG00000002332	0
ENSGMOG00000002348	0
ENSGMOG00000002364	0
ENSGMOG00000002382	4106
ENSGMOG00000002453	392
ENSGMOG00000002480	46
ENSGMOG00000002494	0
ENSGMOG00000021284	140
ENSGMOG00000002504	568
ENSGMOG00000002518	381
ENSGMOG00000002559	96
ENSGMOG00000004815	1769
ENSGMOG00000004887	14
ENSGMOG00000004926	92
ENSGMOG00000004952	250
ENSGMOG00000004958	509
ENSGMOG00000004965	690
ENSGMOG00000004982	755
ENSGMOG00000004995	2128
ENSGMOG00000005028	2429
ENSGMOG00000005033	850
ENSGMOG00000005050	307
ENSGMOG00000005097	1906
ENSGMOG00000020062	10
ENSGMOG00000007284	166
ENSGMOG00000007293	2174
ENSGMOG00000007298	6694
ENSGMOG00000007315	354
ENSGMOG00000007352	193
ENSGMOG00000007360	4
ENSGMOG00000007371	694
ENSGMOG00000007386	790
ENSGMOG00000007398	798
ENSGMOG00000007405	27
ENSGMOG00000007413	6451
ENSGMOG00000007423	477
ENSGMOG00000007432	568
ENSGMOG00000007455	674
ENSGMOG00000007464	46
ENSGMOG00000007469	1727
ENSGMOG00000007480	549
ENSGMOG00000007489	3
ENSGMOG00000007493	388
ENSGMOG00000007500	206
ENSGMOG00000007505	5577
ENSGMOG00000007511	39
ENSGMOG00000007513	869
ENSGMOG00000018561	27
ENSGMOG00000018581	536
ENSGMOG00000018602	60
ENSGMOG00000018613	0
ENSGMOG00000008599	78
ENSGMOG00000008605	0
ENSGMOG00000008611	0
ENSGMOG00000008648	408
ENSGMOG00000008691	1
ENSGMOG00000008713	289
ENSGMOG00000021455	2
ENSGMOG00000008724	6
ENSGMOG00000019849	252
ENSGMOG00000008801	872
ENSGMOG00000008745	3379
ENSGMOG00000008756	9
ENSGMOG00000008763	440
ENSGMOG00000008775	11518
ENSGMOG00000008798	457
ENSGMOG00000008803	1295
ENSGMOG00000008833	151
ENSGMOG00000008836	154
ENSGMOG00000008857	883
ENSGMOG00000008873	490
ENSGMOG00000005512	4
ENSGMOG00000020454	874
ENSGMOG00000005523	360
ENSGMOG00000005543	289
ENSGMOG00000005574	311
ENSGMOG00000005583	0
ENSGMOG00000011584	1
ENSGMOG00000011734	0
ENSGMOG00000011736	2
ENSGMOG00000011745	10
ENSGMOG00000011758	1
ENSGMOG00000009221	2784
ENSGMOG00000009228	7110
ENSGMOG00000009242	21
ENSGMOG00000019878	215
ENSGMOG00000009248	909
ENSGMOG00000009295	3378
ENSGMOG00000009341	0
ENSGMOG00000009354	9
ENSGMOG00000009370	26985
ENSGMOG00000009420	9606
ENSGMOG00000020795	0
ENSGMOG00000009697	20
ENSGMOG00000009702	2457
ENSGMOG00000009716	10
ENSGMOG00000009745	5
ENSGMOG00000009764	0
ENSGMOG00000009771	136
ENSGMOG00000009786	13
ENSGMOG00000005685	58
ENSGMOG00000005695	4085
ENSGMOG00000005804	385
ENSGMOG00000005834	13
ENSGMOG00000005843	143
ENSGMOG00000005848	3
ENSGMOG00000005872	3360
ENSGMOG00000005883	2
ENSGMOG00000005933	5
ENSGMOG00000005966	3111
ENSGMOG00000005984	14
ENSGMOG00000006218	1504
ENSGMOG00000006232	1531
ENSGMOG00000020669	0
ENSGMOG00000021369	0
ENSGMOG00000020459	21
ENSGMOG00000006253	203
ENSGMOG00000006274	781
ENSGMOG00000006284	1366
ENSGMOG00000006313	991
ENSGMOG00000006325	3526
ENSGMOG00000006367	395
ENSGMOG00000017210	0
ENSGMOG00000017220	0
ENSGMOG00000017225	15
ENSGMOG00000017237	96
ENSGMOG00000017381	2097
ENSGMOG00000017473	1914
ENSGMOG00000017485	0
ENSGMOG00000017536	552
ENSGMOG00000017591	3
ENSGMOG00000017658	0
ENSGMOG00000017688	1131
ENSGMOG00000017702	5314
ENSGMOG00000017801	564
ENSGMOG00000017992	268
ENSGMOG00000017993	2
ENSGMOG00000005739	67
ENSGMOG00000005757	13
ENSGMOG00000005781	298
ENSGMOG00000005790	10
ENSGMOG00000005806	1056
ENSGMOG00000005819	1430
ENSGMOG00000005826	88
ENSGMOG00000005844	659
ENSGMOG00000005865	648
ENSGMOG00000010276	78
ENSGMOG00000010287	639
ENSGMOG00000010306	174
ENSGMOG00000010362	230
ENSGMOG00000010375	3927
ENSGMOG00000010397	0
ENSGMOG00000001635	2
ENSGMOG00000001648	4470
ENSGMOG00000001683	27
ENSGMOG00000001698	1913
ENSGMOG00000001732	0
ENSGMOG00000001738	847
ENSGMOG00000001751	1470
ENSGMOG00000001762	23
ENSGMOG00000001782	536
ENSGMOG00000001797	78
ENSGMOG00000001813	1179
ENSGMOG00000013741	0
ENSGMOG00000013753	521
ENSGMOG00000020512	0
ENSGMOG00000020513	1
ENSGMOG00000013849	0
ENSGMOG00000013930	209
ENSGMOG00000014002	94
ENSGMOG00000021453	0
ENSGMOG00000021972	48
ENSGMOG00000014116	318
ENSGMOG00000003805	4
ENSGMOG00000003868	5772
ENSGMOG00000003919	26
ENSGMOG00000003959	51
ENSGMOG00000003977	2
ENSGMOG00000020021	1
ENSGMOG00000004016	12599
ENSGMOG00000004031	734
ENSGMOG00000004067	42
ENSGMOG00000004100	1516016
ENSGMOG00000004121	332
ENSGMOG00000004220	1309
ENSGMOG00000004278	1980
ENSGMOG00000004327	3
ENSGMOG00000004354	32
ENSGMOG00000004401	1203
ENSGMOG00000004413	1
ENSGMOG00000011368	458
ENSGMOG00000011382	324
ENSGMOG00000011385	4
ENSGMOG00000011402	1219
ENSGMOG00000011413	301
ENSGMOG00000011422	843
ENSGMOG00000011428	722
ENSGMOG00000011453	26
ENSGMOG00000011465	12
ENSGMOG00000011474	59
ENSGMOG00000011479	51
ENSGMOG00000011495	427
ENSGMOG00000020144	1196
ENSGMOG00000011513	7
ENSGMOG00000011526	78
ENSGMOG00000010769	98
ENSGMOG00000010790	2209
ENSGMOG00000010798	4298
ENSGMOG00000010809	2582
ENSGMOG00000010839	7
ENSGMOG00000010849	533
ENSGMOG00000010860	778
ENSGMOG00000010890	472
ENSGMOG00000010898	611
ENSGMOG00000010913	0
ENSGMOG00000010916	2
ENSGMOG00000010923	721
ENSGMOG00000010944	571
ENSGMOG00000010947	0
ENSGMOG00000010954	67
ENSGMOG00000020118	270
ENSGMOG00000010964	1
ENSGMOG00000010972	23065
ENSGMOG00000018989	104
ENSGMOG00000018996	0
ENSGMOG00000019008	19
ENSGMOG00000019080	543
ENSGMOG00000019092	445
ENSGMOG00000019103	596
ENSGMOG00000019118	2314
ENSGMOG00000020788	0
ENSGMOG00000019133	100
ENSGMOG00000019146	188
ENSGMOG00000019160	536
ENSGMOG00000019163	98
ENSGMOG00000019196	4
ENSGMOG00000019203	16689
ENSGMOG00000019212	11756
ENSGMOG00000019225	1750
ENSGMOG00000019232	95
ENSGMOG00000019243	87
ENSGMOG00000019249	0
ENSGMOG00000019258	474
ENSGMOG00000019279	6
ENSGMOG00000019326	3102
ENSGMOG00000019331	1049
ENSGMOG00000019335	22
ENSGMOG00000012901	414
ENSGMOG00000016478	267
ENSGMOG00000016490	6
ENSGMOG00000016504	2365
ENSGMOG00000016568	22
ENSGMOG00000016586	288
ENSGMOG00000016607	38846
ENSGMOG00000016621	0
ENSGMOG00000016629	8
ENSGMOG00000016637	366
ENSGMOG00000016651	596
ENSGMOG00000016661	1288
ENSGMOG00000016690	7
ENSGMOG00000016702	212
ENSGMOG00000016721	232
ENSGMOG00000016747	198
ENSGMOG00000016770	1683
ENSGMOG00000016777	2445
ENSGMOG00000016831	916
ENSGMOG00000016909	37
ENSGMOG00000016923	3381
ENSGMOG00000017169	1290
ENSGMOG00000015680	25
ENSGMOG00000015695	196
ENSGMOG00000015735	559
ENSGMOG00000015856	4007
ENSGMOG00000015905	276
ENSGMOG00000015919	464
ENSGMOG00000015940	3682
ENSGMOG00000015968	594
ENSGMOG00000015979	223
ENSGMOG00000016021	27
ENSGMOG00000016033	653
ENSGMOG00000020317	0
ENSGMOG00000016041	0
ENSGMOG00000009924	76
ENSGMOG00000009930	52
ENSGMOG00000009937	179
ENSGMOG00000009944	56
ENSGMOG00000009950	3
ENSGMOG00000009960	0
ENSGMOG00000009969	22
ENSGMOG00000009987	0
ENSGMOG00000009990	212
ENSGMOG00000010002	1940
ENSGMOG00000010028	18107
ENSGMOG00000010038	1183
ENSGMOG00000010050	0
ENSGMOG00000010055	592
ENSGMOG00000010068	3
ENSGMOG00000010075	70
ENSGMOG00000010093	25
ENSGMOG00000010097	1187
ENSGMOG00000010205	18136
ENSGMOG00000010217	5560
ENSGMOG00000003994	7316
ENSGMOG00000004182	250
ENSGMOG00000004194	3945
ENSGMOG00000004246	136
ENSGMOG00000004305	434
ENSGMOG00000021088	0
ENSGMOG00000004340	286
ENSGMOG00000004349	325
ENSGMOG00000004370	860
ENSGMOG00000004494	738
ENSGMOG00000004517	0
ENSGMOG00000008203	342
ENSGMOG00000008211	1
ENSGMOG00000008214	0
ENSGMOG00000008216	5
ENSGMOG00000008222	93
ENSGMOG00000008229	3
ENSGMOG00000008230	21
ENSGMOG00000008237	9
ENSGMOG00000008241	40
ENSGMOG00000008245	932
ENSGMOG00000008249	538
ENSGMOG00000008252	6
ENSGMOG00000008256	0
ENSGMOG00000008259	112
ENSGMOG00000008263	19
ENSGMOG00000008266	322
ENSGMOG00000008269	592
ENSGMOG00000001099	2042
ENSGMOG00000001125	1075
ENSGMOG00000001137	1
ENSGMOG00000001166	0
ENSGMOG00000001177	1
ENSGMOG00000001446	0
ENSGMOG00000001515	23
ENSGMOG00000001602	1624
ENSGMOG00000001613	771
ENSGMOG00000001630	290
ENSGMOG00000001647	17882
ENSGMOG00000021017	10
ENSGMOG00000021532	1
ENSGMOG00000001682	500
ENSGMOG00000005059	11
ENSGMOG00000005066	0
ENSGMOG00000005098	310
ENSGMOG00000005115	1833
ENSGMOG00000005137	417
ENSGMOG00000005148	74
ENSGMOG00000005167	1691
ENSGMOG00000005265	15
ENSGMOG00000020480	188
ENSGMOG00000013048	2464
ENSGMOG00000013056	2577
ENSGMOG00000013074	0
ENSGMOG00000013090	893
ENSGMOG00000013099	898
ENSGMOG00000013102	3988
ENSGMOG00000013125	759
ENSGMOG00000013166	76
ENSGMOG00000013182	979
ENSGMOG00000013196	551
ENSGMOG00000013218	3073
ENSGMOG00000013225	47
ENSGMOG00000013233	10
ENSGMOG00000013246	72
ENSGMOG00000013257	17
ENSGMOG00000013294	24
ENSGMOG00000013297	4875
ENSGMOG00000013318	143
ENSGMOG00000013327	1066
ENSGMOG00000013351	451
ENSGMOG00000013380	445
ENSGMOG00000013414	8
ENSGMOG00000013428	168
ENSGMOG00000013440	1615
ENSGMOG00000013491	283
ENSGMOG00000013510	121
ENSGMOG00000013515	7
ENSGMOG00000013524	776
ENSGMOG00000013551	10
ENSGMOG00000005924	117
ENSGMOG00000005943	118
ENSGMOG00000005964	0
ENSGMOG00000005968	59
ENSGMOG00000005976	464
ENSGMOG00000006015	6
ENSGMOG00000006442	9
ENSGMOG00000001039	723
ENSGMOG00000001067	54
ENSGMOG00000001092	7069
ENSGMOG00000001107	0
ENSGMOG00000001134	0
ENSGMOG00000001141	45
ENSGMOG00000001154	1323
ENSGMOG00000001169	2268
ENSGMOG00000001210	153
ENSGMOG00000001226	1567
ENSGMOG00000001249	85
ENSGMOG00000019938	3376
ENSGMOG00000001282	9
ENSGMOG00000001289	15
ENSGMOG00000019941	256
ENSGMOG00000001302	2
ENSGMOG00000001322	0
ENSGMOG00000001326	36
ENSGMOG00000001344	2749
ENSGMOG00000001400	8028
ENSGMOG00000001431	2341
ENSGMOG00000001717	10
ENSGMOG00000015957	4
ENSGMOG00000016065	1510
ENSGMOG00000016084	1873
ENSGMOG00000020333	38
ENSGMOG00000016136	455
ENSGMOG00000016168	365
ENSGMOG00000016185	76
ENSGMOG00000016221	218
ENSGMOG00000016238	275
ENSGMOG00000016257	0
ENSGMOG00000016273	7
ENSGMOG00000016288	1
ENSGMOG00000016297	5
ENSGMOG00000016303	0
ENSGMOG00000016334	64
ENSGMOG00000016357	107
ENSGMOG00000016376	370
ENSGMOG00000016446	15
ENSGMOG00000005712	817
ENSGMOG00000005734	2
ENSGMOG00000005761	7
ENSGMOG00000005778	1413
ENSGMOG00000005809	1385
ENSGMOG00000005845	5546
ENSGMOG00000005857	10
ENSGMOG00000005867	821
ENSGMOG00000005890	2
ENSGMOG00000005901	371
ENSGMOG00000005909	2081
ENSGMOG00000005954	10526
ENSGMOG00000005991	74
ENSGMOG00000006008	224
ENSGMOG00000006017	806
ENSGMOG00000005335	52
ENSGMOG00000005353	0
ENSGMOG00000020442	109
ENSGMOG00000011728	33
ENSGMOG00000011740	0
ENSGMOG00000011746	2430
ENSGMOG00000011766	244
ENSGMOG00000011771	968
ENSGMOG00000011785	823
ENSGMOG00000011797	2
ENSGMOG00000016842	1
ENSGMOG00000021095	0
ENSGMOG00000015631	222
ENSGMOG00000015675	0
ENSGMOG00000015696	596
ENSGMOG00000015718	748
ENSGMOG00000015733	53
ENSGMOG00000015758	60
ENSGMOG00000020315	3
ENSGMOG00000015813	42
ENSGMOG00000002618	75
ENSGMOG00000002692	205
ENSGMOG00000002767	7
ENSGMOG00000020205	51
ENSGMOG00000020206	0
ENSGMOG00000017824	410
ENSGMOG00000017839	699
ENSGMOG00000017858	0
ENSGMOG00000017864	0
ENSGMOG00000017869	0
ENSGMOG00000017875	0
ENSGMOG00000017882	2
ENSGMOG00000017889	0
ENSGMOG00000017893	0
ENSGMOG00000017901	2
ENSGMOG00000020797	0
ENSGMOG00000017915	0
ENSGMOG00000019854	0
ENSGMOG00000017920	2
ENSGMOG00000017935	0
ENSGMOG00000017941	473
ENSGMOG00000017950	5490
ENSGMOG00000017969	69
ENSGMOG00000017991	1072
ENSGMOG00000018005	270
ENSGMOG00000019856	976
ENSGMOG00000007920	376
ENSGMOG00000017936	1079
ENSGMOG00000017968	4
ENSGMOG00000017987	489
ENSGMOG00000020891	0
ENSGMOG00000003746	371
ENSGMOG00000003768	459
ENSGMOG00000003822	0
ENSGMOG00000003858	257
ENSGMOG00000003891	204
ENSGMOG00000003895	290
ENSGMOG00000003975	118
ENSGMOG00000004004	1737
ENSGMOG00000004017	2
ENSGMOG00000004030	1184
ENSGMOG00000004053	173
ENSGMOG00000004085	242
ENSGMOG00000003656	387
ENSGMOG00000003666	1021
ENSGMOG00000003682	442
ENSGMOG00000003713	5130
ENSGMOG00000003733	1920
ENSGMOG00000019737	1
ENSGMOG00000003774	187
ENSGMOG00000003796	461
ENSGMOG00000003802	53
ENSGMOG00000003911	490
ENSGMOG00000003941	306
ENSGMOG00000003945	1611
ENSGMOG00000003973	204
ENSGMOG00000003997	7618
ENSGMOG00000004010	528
ENSGMOG00000004029	25
ENSGMOG00000004047	614
ENSGMOG00000016922	103
ENSGMOG00000016953	0
ENSGMOG00000016980	265
ENSGMOG00000017058	47
ENSGMOG00000002454	40
ENSGMOG00000002477	4
ENSGMOG00000002540	3490
ENSGMOG00000002611	85
ENSGMOG00000002674	1483
ENSGMOG00000002704	975
ENSGMOG00000002736	643
ENSGMOG00000002753	1866
ENSGMOG00000002794	111
ENSGMOG00000002806	318
ENSGMOG00000002837	0
ENSGMOG00000002846	0
ENSGMOG00000002872	457
ENSGMOG00000002891	701
ENSGMOG00000002941	226
ENSGMOG00000002957	11
ENSGMOG00000002976	699
ENSGMOG00000003019	201
ENSGMOG00000003028	1
ENSGMOG00000003051	117
ENSGMOG00000003058	0
ENSGMOG00000003080	3869
ENSGMOG00000003106	810
ENSGMOG00000003135	2202
ENSGMOG00000003172	186
ENSGMOG00000003205	2
ENSGMOG00000008473	383
ENSGMOG00000008475	9
ENSGMOG00000008488	27
ENSGMOG00000008491	2286
ENSGMOG00000008498	7319
ENSGMOG00000008503	201
ENSGMOG00000008508	8
ENSGMOG00000008513	108
ENSGMOG00000008515	53
ENSGMOG00000008516	0
ENSGMOG00000016761	2354
ENSGMOG00000016829	2063
ENSGMOG00000020394	396
ENSGMOG00000016944	3
ENSGMOG00000016956	512
ENSGMOG00000016972	406
ENSGMOG00000016993	681
ENSGMOG00000016999	694
ENSGMOG00000017017	0
ENSGMOG00000017067	615
ENSGMOG00000017087	1146
ENSGMOG00000021291	4
ENSGMOG00000021307	0
ENSGMOG00000017112	0
ENSGMOG00000017180	3
ENSGMOG00000017196	711
ENSGMOG00000017303	4858
ENSGMOG00000017329	7
ENSGMOG00000017341	0
ENSGMOG00000017370	10
ENSGMOG00000017401	2
ENSGMOG00000017440	19
ENSGMOG00000017691	1194
ENSGMOG00000001375	2877
ENSGMOG00000001396	143
ENSGMOG00000001401	473
ENSGMOG00000001422	4395
ENSGMOG00000001441	2193
ENSGMOG00000001455	117
ENSGMOG00000001504	40
ENSGMOG00000001535	561
ENSGMOG00000001549	9
ENSGMOG00000001558	493
ENSGMOG00000002410	56
ENSGMOG00000002436	582
ENSGMOG00000017293	208
ENSGMOG00000017318	667
ENSGMOG00000017384	0
ENSGMOG00000017407	3415
ENSGMOG00000017423	97
ENSGMOG00000017435	429
ENSGMOG00000017457	1013
ENSGMOG00000017522	74
ENSGMOG00000017560	289
ENSGMOG00000017573	61
ENSGMOG00000017588	574
ENSGMOG00000017620	3
ENSGMOG00000017626	185
ENSGMOG00000017649	297
ENSGMOG00000017661	389
ENSGMOG00000017683	26
ENSGMOG00000017704	1404
ENSGMOG00000017760	184
ENSGMOG00000017778	0
ENSGMOG00000017793	136
ENSGMOG00000019348	336
ENSGMOG00000019373	1738
ENSGMOG00000019378	1227
ENSGMOG00000019382	20
ENSGMOG00000019395	0
ENSGMOG00000019402	75
ENSGMOG00000019410	659
ENSGMOG00000019415	87
ENSGMOG00000019428	113
ENSGMOG00000019433	225
ENSGMOG00000019494	0
ENSGMOG00000019499	111
ENSGMOG00000019502	240
ENSGMOG00000007693	724
ENSGMOG00000007711	18947
ENSGMOG00000007716	205
ENSGMOG00000007725	2519
ENSGMOG00000007742	7886
ENSGMOG00000007750	10
ENSGMOG00000007755	1135
ENSGMOG00000007757	365
ENSGMOG00000007765	4
ENSGMOG00000007806	3490
ENSGMOG00000007823	590
ENSGMOG00000007826	6528
ENSGMOG00000007830	142
ENSGMOG00000007837	305
ENSGMOG00000007844	197
ENSGMOG00000007848	1415
ENSGMOG00000007855	783
ENSGMOG00000007872	222
ENSGMOG00000007882	114
ENSGMOG00000007888	1510
ENSGMOG00000007895	0
ENSGMOG00000007903	0
ENSGMOG00000007906	0
ENSGMOG00000014173	220
ENSGMOG00000014578	2487
ENSGMOG00000016108	0
ENSGMOG00000016116	0
ENSGMOG00000016126	0
ENSGMOG00000016137	107
ENSGMOG00000016148	941
ENSGMOG00000016184	0
ENSGMOG00000016196	10
ENSGMOG00000016217	1751
ENSGMOG00000016224	3916
ENSGMOG00000016282	1364
ENSGMOG00000016307	26
ENSGMOG00000016324	29
ENSGMOG00000016330	860
ENSGMOG00000016372	6089
ENSGMOG00000016426	0
ENSGMOG00000016434	641
ENSGMOG00000016445	729
ENSGMOG00000016462	3
ENSGMOG00000016497	0
ENSGMOG00000016576	719
ENSGMOG00000016780	985
ENSGMOG00000010126	147
ENSGMOG00000010137	274
ENSGMOG00000010146	1320
ENSGMOG00000010151	411
ENSGMOG00000010163	883
ENSGMOG00000010176	683
ENSGMOG00000010199	58
ENSGMOG00000010210	20
ENSGMOG00000010215	279
ENSGMOG00000010232	833
ENSGMOG00000010242	1721
ENSGMOG00000009673	2
ENSGMOG00000009682	17
ENSGMOG00000009704	312
ENSGMOG00000009715	128
ENSGMOG00000009728	4
ENSGMOG00000007266	393
ENSGMOG00000007273	1298
ENSGMOG00000007283	66
ENSGMOG00000007294	2
ENSGMOG00000007301	3
ENSGMOG00000007314	10
ENSGMOG00000007333	518
ENSGMOG00000007335	10
ENSGMOG00000007345	14966
ENSGMOG00000007369	27
ENSGMOG00000007380	260
ENSGMOG00000007395	1769
ENSGMOG00000007410	2
ENSGMOG00000007419	342
ENSGMOG00000007427	0
ENSGMOG00000020366	26
ENSGMOG00000013467	808
ENSGMOG00000013475	697
ENSGMOG00000013484	12
ENSGMOG00000013488	12
ENSGMOG00000013497	293
ENSGMOG00000013508	28
ENSGMOG00000013533	12
ENSGMOG00000013568	592
ENSGMOG00000013586	503
ENSGMOG00000013598	263
ENSGMOG00000009629	11
ENSGMOG00000009653	30
ENSGMOG00000009661	67
ENSGMOG00000009690	112
ENSGMOG00000009695	0
ENSGMOG00000009713	137
ENSGMOG00000012671	53
ENSGMOG00000012673	303
ENSGMOG00000012675	1
ENSGMOG00000022142	0
ENSGMOG00000012679	2
ENSGMOG00000012705	547
ENSGMOG00000018487	0
ENSGMOG00000008602	56
ENSGMOG00000008607	932
ENSGMOG00000008614	247
ENSGMOG00000008624	2168
ENSGMOG00000008631	39
ENSGMOG00000008644	98
ENSGMOG00000008663	8429
ENSGMOG00000008718	86
ENSGMOG00000008739	500
ENSGMOG00000008752	805
ENSGMOG00000008781	61
ENSGMOG00000008793	484
ENSGMOG00000008812	501
ENSGMOG00000008831	54
ENSGMOG00000008841	292
ENSGMOG00000008847	30
ENSGMOG00000008863	297
ENSGMOG00000008881	697
ENSGMOG00000008899	458
ENSGMOG00000008912	673
ENSGMOG00000008923	1038
ENSGMOG00000008946	354
ENSGMOG00000008971	49253
ENSGMOG00000008977	14
ENSGMOG00000008985	376
ENSGMOG00000009001	70
ENSGMOG00000009024	1027
ENSGMOG00000009041	886
ENSGMOG00000009048	1
ENSGMOG00000003982	1516
ENSGMOG00000004014	768
ENSGMOG00000004027	146
ENSGMOG00000004078	731
ENSGMOG00000004088	514
ENSGMOG00000004109	17852
ENSGMOG00000004116	113
ENSGMOG00000004135	204
ENSGMOG00000004173	331
ENSGMOG00000004197	1025
ENSGMOG00000004250	1441
ENSGMOG00000004315	113
ENSGMOG00000004332	2
ENSGMOG00000004400	603
ENSGMOG00000004430	522
ENSGMOG00000004457	97
ENSGMOG00000021644	0
ENSGMOG00000004504	284
ENSGMOG00000004580	37
ENSGMOG00000009283	11123
ENSGMOG00000009288	625
ENSGMOG00000009304	232
ENSGMOG00000009320	981
ENSGMOG00000009352	33
ENSGMOG00000009425	2980
ENSGMOG00000009452	528
ENSGMOG00000009466	55
ENSGMOG00000006496	4800
ENSGMOG00000006534	473
ENSGMOG00000006548	292
ENSGMOG00000006563	115
ENSGMOG00000006592	2204
ENSGMOG00000006597	3
ENSGMOG00000006608	0
ENSGMOG00000006612	4
ENSGMOG00000006622	1526
ENSGMOG00000006632	1
ENSGMOG00000006659	4
ENSGMOG00000006685	460
ENSGMOG00000020234	12
ENSGMOG00000006721	320
ENSGMOG00000006741	334
ENSGMOG00000006749	4
ENSGMOG00000006760	0
ENSGMOG00000006768	0
ENSGMOG00000006807	75
ENSGMOG00000006813	0
ENSGMOG00000004358	495
ENSGMOG00000004385	9
ENSGMOG00000006001	419
ENSGMOG00000006025	115
ENSGMOG00000006043	95
ENSGMOG00000006064	3044
ENSGMOG00000006153	0
ENSGMOG00000006167	0
ENSGMOG00000006211	0
ENSGMOG00000006217	1
ENSGMOG00000013992	2643
ENSGMOG00000014041	74
ENSGMOG00000014082	637
ENSGMOG00000014109	1078
ENSGMOG00000014218	6
ENSGMOG00000010728	6332
ENSGMOG00000020923	5
ENSGMOG00000010748	7
ENSGMOG00000021498	0
ENSGMOG00000010755	48
ENSGMOG00000010770	425
ENSGMOG00000010789	3
ENSGMOG00000010850	698
ENSGMOG00000010888	868
ENSGMOG00000010910	162
ENSGMOG00000010925	718
ENSGMOG00000010938	777
ENSGMOG00000010955	73
ENSGMOG00000018760	313
ENSGMOG00000018775	71
ENSGMOG00000018779	65
ENSGMOG00000018788	286
ENSGMOG00000018799	34
ENSGMOG00000018808	8
ENSGMOG00000018823	23
ENSGMOG00000018845	187
ENSGMOG00000016705	38
ENSGMOG00000016722	0
ENSGMOG00000017606	1182
ENSGMOG00000017673	1
ENSGMOG00000017682	0
ENSGMOG00000021976	0
ENSGMOG00000017686	4144
ENSGMOG00000017742	7
ENSGMOG00000017765	33
ENSGMOG00000017781	113
ENSGMOG00000010648	150
ENSGMOG00000010655	210
ENSGMOG00000010680	1500
ENSGMOG00000010701	44
ENSGMOG00000010712	162
ENSGMOG00000010721	329
ENSGMOG00000010736	299
ENSGMOG00000010744	972
ENSGMOG00000010763	488
ENSGMOG00000010771	543
ENSGMOG00000010783	275
ENSGMOG00000015830	28
ENSGMOG00000015850	0
ENSGMOG00000016177	491
ENSGMOG00000016204	3
ENSGMOG00000016218	0
ENSGMOG00000016228	1354
ENSGMOG00000018735	525
ENSGMOG00000021737	0
ENSGMOG00000018761	108
ENSGMOG00000020297	77
ENSGMOG00000018767	16
ENSGMOG00000016368	10
ENSGMOG00000016374	139
ENSGMOG00000016393	138
ENSGMOG00000005021	118
ENSGMOG00000005049	1513
ENSGMOG00000005067	592
ENSGMOG00000005136	1933
ENSGMOG00000020424	7
ENSGMOG00000005174	11
ENSGMOG00000020425	0
ENSGMOG00000008671	309
ENSGMOG00000008687	4
ENSGMOG00000008696	1979
ENSGMOG00000008716	531
ENSGMOG00000008727	155
ENSGMOG00000008736	36
ENSGMOG00000008744	1362
ENSGMOG00000008772	2585
ENSGMOG00000008827	711
ENSGMOG00000008837	7
ENSGMOG00000008845	13
ENSGMOG00000008861	146
ENSGMOG00000008867	91
ENSGMOG00000008876	2853
ENSGMOG00000008885	41
ENSGMOG00000008895	311
ENSGMOG00000008905	190
ENSGMOG00000008926	258
ENSGMOG00000008944	1095
ENSGMOG00000015565	21
ENSGMOG00000015600	96
ENSGMOG00000015690	4908
ENSGMOG00000015711	8
ENSGMOG00000015748	13
ENSGMOG00000015767	125
ENSGMOG00000015784	22
ENSGMOG00000015796	1
ENSGMOG00000015811	50
ENSGMOG00000008645	40
ENSGMOG00000008710	832
ENSGMOG00000008725	9042
ENSGMOG00000008746	0
ENSGMOG00000008813	44369
ENSGMOG00000019858	0
ENSGMOG00000008829	27
ENSGMOG00000008864	720
ENSGMOG00000008883	598
ENSGMOG00000019528	51
ENSGMOG00000019532	3
ENSGMOG00000019533	1
ENSGMOG00000019535	1038
ENSGMOG00000019540	337
ENSGMOG00000019542	3176
ENSGMOG00000019546	451
ENSGMOG00000019549	17
ENSGMOG00000019550	1903
ENSGMOG00000019552	207
ENSGMOG00000019572	1
ENSGMOG00000019577	4
ENSGMOG00000019579	1103
ENSGMOG00000019584	136
ENSGMOG00000018791	2
ENSGMOG00000018816	3
ENSGMOG00000018818	2
ENSGMOG00000018876	2402
ENSGMOG00000018950	370
ENSGMOG00000018953	236
ENSGMOG00000018979	43
ENSGMOG00000018994	1943
ENSGMOG00000019030	216
ENSGMOG00000019039	918
ENSGMOG00000019045	0
ENSGMOG00000019059	1
ENSGMOG00000005373	6
ENSGMOG00000005390	21
ENSGMOG00000005409	1426
ENSGMOG00000005418	1051
ENSGMOG00000005428	395
ENSGMOG00000005453	4485
ENSGMOG00000005463	47361
ENSGMOG00000021962	1
ENSGMOG00000020774	3
ENSGMOG00000021733	10
ENSGMOG00000005483	7
ENSGMOG00000005492	413
ENSGMOG00000005509	1
ENSGMOG00000013870	1269
ENSGMOG00000013901	5
ENSGMOG00000013970	261
ENSGMOG00000013981	315
ENSGMOG00000014051	713
ENSGMOG00000014105	107
ENSGMOG00000014139	48
ENSGMOG00000006989	5646
ENSGMOG00000006997	2692
ENSGMOG00000007045	8004
ENSGMOG00000008294	0
ENSGMOG00000008295	0
ENSGMOG00000008296	0
ENSGMOG00000008298	2
ENSGMOG00000020827	0
ENSGMOG00000008299	0
ENSGMOG00000008301	601
ENSGMOG00000008304	58015
ENSGMOG00000018852	0
ENSGMOG00000018853	1
ENSGMOG00000018864	642
ENSGMOG00000018947	3840
ENSGMOG00000019073	23
ENSGMOG00000020303	92
ENSGMOG00000019102	687
ENSGMOG00000019116	276
ENSGMOG00000019141	16
ENSGMOG00000019190	898
ENSGMOG00000019208	251
ENSGMOG00000019214	274
ENSGMOG00000007580	799
ENSGMOG00000007588	1897
ENSGMOG00000007591	1307
ENSGMOG00000007600	176
ENSGMOG00000007610	2825
ENSGMOG00000007613	13676
ENSGMOG00000007623	766
ENSGMOG00000007627	6
ENSGMOG00000007634	178
ENSGMOG00000007636	1216
ENSGMOG00000007644	808
ENSGMOG00000007698	737
ENSGMOG00000007700	110
ENSGMOG00000007704	311
ENSGMOG00000007706	3
ENSGMOG00000007713	4
ENSGMOG00000007719	46763
ENSGMOG00000007728	1886
ENSGMOG00000007737	12
ENSGMOG00000007744	0
ENSGMOG00000009261	1406
ENSGMOG00000019881	218
ENSGMOG00000009271	281
ENSGMOG00000009284	96
ENSGMOG00000009289	1
ENSGMOG00000004416	0
ENSGMOG00000004441	1321
ENSGMOG00000004607	37
ENSGMOG00000004621	9679
ENSGMOG00000004805	819
ENSGMOG00000004973	197
ENSGMOG00000005158	4297
ENSGMOG00000005292	197
ENSGMOG00000005310	58
ENSGMOG00000005355	34
ENSGMOG00000005367	0
ENSGMOG00000005380	2
ENSGMOG00000005389	16
ENSGMOG00000005415	2340
ENSGMOG00000012609	276
ENSGMOG00000012613	2048
ENSGMOG00000012617	249
ENSGMOG00000012622	181
ENSGMOG00000012623	345
ENSGMOG00000006010	89
ENSGMOG00000006027	307
ENSGMOG00000006245	118
ENSGMOG00000021372	0
ENSGMOG00000006257	88
ENSGMOG00000006278	415
ENSGMOG00000006317	1
ENSGMOG00000004412	185
ENSGMOG00000004424	417
ENSGMOG00000004433	32
ENSGMOG00000004452	542
ENSGMOG00000003847	6
ENSGMOG00000003867	493
ENSGMOG00000003963	180
ENSGMOG00000004093	462
ENSGMOG00000004101	7331
ENSGMOG00000004120	0
ENSGMOG00000004164	239
ENSGMOG00000004189	74
ENSGMOG00000004222	176
ENSGMOG00000004272	13
ENSGMOG00000004289	1177
ENSGMOG00000004319	118
ENSGMOG00000020027	0
ENSGMOG00000004377	0
ENSGMOG00000004550	0
ENSGMOG00000004566	3
ENSGMOG00000004637	171
ENSGMOG00000004720	2382
ENSGMOG00000004736	133
ENSGMOG00000004809	352
ENSGMOG00000003185	338
ENSGMOG00000003198	105
ENSGMOG00000003235	7
ENSGMOG00000003283	1476
ENSGMOG00000003302	7297
ENSGMOG00000009853	0
ENSGMOG00000009855	2
ENSGMOG00000009870	36
ENSGMOG00000022052	0
ENSGMOG00000009871	113
ENSGMOG00000009880	47
ENSGMOG00000009891	133
ENSGMOG00000009902	18
ENSGMOG00000009918	183
ENSGMOG00000020519	55
ENSGMOG00000020604	8
ENSGMOG00000012450	281
ENSGMOG00000012454	0
ENSGMOG00000012457	2
ENSGMOG00000012458	168
ENSGMOG00000012462	538
ENSGMOG00000012466	19
ENSGMOG00000012469	7
ENSGMOG00000012472	87
ENSGMOG00000012474	1
ENSGMOG00000012475	17
ENSGMOG00000012477	0
ENSGMOG00000012478	2
ENSGMOG00000012480	0
ENSGMOG00000012481	1746
ENSGMOG00000012483	10500
ENSGMOG00000012486	313
ENSGMOG00000012488	177
ENSGMOG00000012490	1118
ENSGMOG00000012495	99
ENSGMOG00000012497	866
ENSGMOG00000012499	43238
ENSGMOG00000012501	31
ENSGMOG00000012503	3302
ENSGMOG00000012505	205
ENSGMOG00000012506	31
ENSGMOG00000012509	0
ENSGMOG00000013614	842
ENSGMOG00000011933	837
ENSGMOG00000018470	158
ENSGMOG00000018498	342
ENSGMOG00000018509	2
ENSGMOG00000018523	4091
ENSGMOG00000018562	3254
ENSGMOG00000018579	41
ENSGMOG00000018592	145
ENSGMOG00000003143	109
ENSGMOG00000003167	167
ENSGMOG00000014054	3816
ENSGMOG00000014095	1479
ENSGMOG00000014117	107
ENSGMOG00000014129	0
ENSGMOG00000014159	0
ENSGMOG00000014256	490
ENSGMOG00000014265	26
ENSGMOG00000001653	63
ENSGMOG00000010568	132
ENSGMOG00000010571	229
ENSGMOG00000010591	0
ENSGMOG00000010605	652
ENSGMOG00000010609	14
ENSGMOG00000010622	1093
ENSGMOG00000012315	14
ENSGMOG00000020598	1
ENSGMOG00000012657	2
ENSGMOG00000020608	1
ENSGMOG00000012659	21
ENSGMOG00000012661	26
ENSGMOG00000012664	1
ENSGMOG00000012666	2091
ENSGMOG00000012668	342
ENSGMOG00000012672	0
ENSGMOG00000012676	4
ENSGMOG00000017256	24568
ENSGMOG00000017261	50
ENSGMOG00000017270	66
ENSGMOG00000015484	61
ENSGMOG00000015501	0
ENSGMOG00000006748	9378
ENSGMOG00000006754	2666
ENSGMOG00000006778	149
ENSGMOG00000006783	303
ENSGMOG00000006796	1077
ENSGMOG00000006803	325
ENSGMOG00000006812	5
ENSGMOG00000006819	0
ENSGMOG00000006829	99
ENSGMOG00000006836	20
ENSGMOG00000006857	2122
ENSGMOG00000006915	1342
ENSGMOG00000019165	1
ENSGMOG00000019175	289
ENSGMOG00000019185	431
ENSGMOG00000019194	2
ENSGMOG00000019198	0
ENSGMOG00000019209	16
ENSGMOG00000019222	42
ENSGMOG00000019229	465
ENSGMOG00000019248	0
ENSGMOG00000019253	57
ENSGMOG00000000039	13
ENSGMOG00000000041	0
ENSGMOG00000000047	462
ENSGMOG00000000051	1114
ENSGMOG00000000066	0
ENSGMOG00000000069	3465
ENSGMOG00000020628	0
ENSGMOG00000000089	132
ENSGMOG00000020640	0
ENSGMOG00000002952	2555
ENSGMOG00000003027	1279
ENSGMOG00000003090	229
ENSGMOG00000003117	0
ENSGMOG00000017653	338
ENSGMOG00000017672	379
ENSGMOG00000017692	360
ENSGMOG00000017710	0
ENSGMOG00000017733	754
ENSGMOG00000017800	0
ENSGMOG00000017813	0
ENSGMOG00000017832	5766
ENSGMOG00000006971	194
ENSGMOG00000006983	966
ENSGMOG00000007004	0
ENSGMOG00000007015	71
ENSGMOG00000007020	196
ENSGMOG00000021047	1
ENSGMOG00000007047	1
ENSGMOG00000007049	628
ENSGMOG00000020260	10
ENSGMOG00000015532	60
ENSGMOG00000015596	0
ENSGMOG00000015632	0
ENSGMOG00000015655	4
ENSGMOG00000015683	316
ENSGMOG00000015701	3
ENSGMOG00000015715	1512
ENSGMOG00000006980	198
ENSGMOG00000021728	3
ENSGMOG00000007008	41
ENSGMOG00000007026	82
ENSGMOG00000007037	453
ENSGMOG00000007046	1581
ENSGMOG00000007057	414
ENSGMOG00000007077	878
ENSGMOG00000007086	1
ENSGMOG00000009103	230
ENSGMOG00000009112	80
ENSGMOG00000009123	3719
ENSGMOG00000009146	13
ENSGMOG00000009163	12
ENSGMOG00000009174	0
ENSGMOG00000009185	2
ENSGMOG00000009191	834
ENSGMOG00000009218	45
ENSGMOG00000009236	288
ENSGMOG00000009303	1273
ENSGMOG00000009331	7
ENSGMOG00000009343	550
ENSGMOG00000009353	10716
ENSGMOG00000013583	70
ENSGMOG00000013596	1254
ENSGMOG00000013616	0
ENSGMOG00000013625	0
ENSGMOG00000013637	1
ENSGMOG00000013647	120
ENSGMOG00000013703	0
ENSGMOG00000013734	0
ENSGMOG00000013744	115
ENSGMOG00000013762	2166
ENSGMOG00000021420	16
ENSGMOG00000013783	432
ENSGMOG00000013807	14116
ENSGMOG00000013826	163
ENSGMOG00000013837	14755
ENSGMOG00000013853	193851
ENSGMOG00000013862	1228670
ENSGMOG00000013877	32393
ENSGMOG00000013890	3465
ENSGMOG00000014134	21395
ENSGMOG00000014150	7
ENSGMOG00000001488	0
ENSGMOG00000001499	0
ENSGMOG00000001505	0
ENSGMOG00000001637	268
ENSGMOG00000016704	291
ENSGMOG00000016781	18
ENSGMOG00000016804	77
ENSGMOG00000016825	620
ENSGMOG00000016851	13
ENSGMOG00000016859	77
ENSGMOG00000016879	40
ENSGMOG00000016901	868
ENSGMOG00000016913	1417
ENSGMOG00000017002	85
ENSGMOG00000017032	682
ENSGMOG00000020426	0
ENSGMOG00000005079	592
ENSGMOG00000005092	410
ENSGMOG00000005103	0
ENSGMOG00000005113	15
ENSGMOG00000005131	277
ENSGMOG00000005138	31786
ENSGMOG00000005153	49
ENSGMOG00000005177	147
ENSGMOG00000005211	284
ENSGMOG00000005239	812
ENSGMOG00000005242	0
ENSGMOG00000003546	35
ENSGMOG00000003634	1
ENSGMOG00000003641	265
ENSGMOG00000003659	8753
ENSGMOG00000003673	188
ENSGMOG00000003680	133
ENSGMOG00000003692	105
ENSGMOG00000003715	231
ENSGMOG00000003779	0
ENSGMOG00000015084	0
ENSGMOG00000015088	0
ENSGMOG00000015103	0
ENSGMOG00000015132	0
ENSGMOG00000015158	0
ENSGMOG00000011978	2
ENSGMOG00000011981	172
ENSGMOG00000011984	320
ENSGMOG00000012000	1033
ENSGMOG00000012006	8
ENSGMOG00000012022	3
ENSGMOG00000012032	2009
ENSGMOG00000012053	288
ENSGMOG00000000710	894
ENSGMOG00000000725	963
ENSGMOG00000003380	0
ENSGMOG00000003392	0
ENSGMOG00000003395	0
ENSGMOG00000019719	0
ENSGMOG00000003409	60
ENSGMOG00000000802	10289
ENSGMOG00000001053	39
ENSGMOG00000001083	13
ENSGMOG00000001122	2
ENSGMOG00000001153	760
ENSGMOG00000001188	755
ENSGMOG00000019913	89
ENSGMOG00000001214	0
ENSGMOG00000001237	1454
ENSGMOG00000001261	1345
ENSGMOG00000001283	8763
ENSGMOG00000001309	6448
ENSGMOG00000001321	0
ENSGMOG00000001348	1131
ENSGMOG00000006291	0
ENSGMOG00000005005	2
ENSGMOG00000005060	348
ENSGMOG00000005069	68
ENSGMOG00000005096	434
ENSGMOG00000005109	14
ENSGMOG00000005126	4059
ENSGMOG00000020421	0
ENSGMOG00000020422	0
ENSGMOG00000005256	1
ENSGMOG00000005271	10
ENSGMOG00000006448	415
ENSGMOG00000006453	637
ENSGMOG00000006488	971
ENSGMOG00000006540	5
ENSGMOG00000006567	5
ENSGMOG00000006577	248
ENSGMOG00000006594	150
ENSGMOG00000020231	0
ENSGMOG00000015392	224
ENSGMOG00000015447	47
ENSGMOG00000015509	0
ENSGMOG00000015522	2
ENSGMOG00000009684	2358
ENSGMOG00000009791	29
ENSGMOG00000009800	37
ENSGMOG00000009808	46
ENSGMOG00000019733	0
ENSGMOG00000019734	0
ENSGMOG00000003604	42
ENSGMOG00000003622	678
ENSGMOG00000003630	848
ENSGMOG00000003705	203
ENSGMOG00000003735	108
ENSGMOG00000003763	1134
ENSGMOG00000003785	1
ENSGMOG00000003807	5
ENSGMOG00000003816	31
ENSGMOG00000003850	157
ENSGMOG00000003864	68
ENSGMOG00000003920	2285
ENSGMOG00000020845	1
ENSGMOG00000003992	0
ENSGMOG00000004203	593
ENSGMOG00000004218	1448
ENSGMOG00000004237	8727
ENSGMOG00000004259	350
ENSGMOG00000004300	62
ENSGMOG00000004335	146
ENSGMOG00000004359	308
ENSGMOG00000004382	124
ENSGMOG00000004394	556
ENSGMOG00000000003	0
ENSGMOG00000000004	1028
ENSGMOG00000014793	765
ENSGMOG00000014827	433
ENSGMOG00000014892	286
ENSGMOG00000014897	345
ENSGMOG00000014914	66
ENSGMOG00000014930	37
ENSGMOG00000014954	0
ENSGMOG00000014968	52
ENSGMOG00000015023	1193
ENSGMOG00000015120	3810
ENSGMOG00000015154	223
ENSGMOG00000014087	0
ENSGMOG00000014092	1480
ENSGMOG00000014098	222
ENSGMOG00000014124	11
ENSGMOG00000014137	115
ENSGMOG00000014162	18
ENSGMOG00000014258	129
ENSGMOG00000021185	0
ENSGMOG00000021896	0
ENSGMOG00000014290	0
ENSGMOG00000014315	60
ENSGMOG00000014381	49
ENSGMOG00000014498	37
ENSGMOG00000015046	330
ENSGMOG00000014962	1
ENSGMOG00000015443	0
ENSGMOG00000015452	204
ENSGMOG00000001102	3477
ENSGMOG00000001142	203
ENSGMOG00000001163	3305
ENSGMOG00000001183	1456
ENSGMOG00000001192	19
ENSGMOG00000019943	5
ENSGMOG00000001200	175
ENSGMOG00000001211	214
ENSGMOG00000001231	95
ENSGMOG00000001242	181
ENSGMOG00000001330	193
ENSGMOG00000001337	102
ENSGMOG00000001354	129
ENSGMOG00000001369	880
ENSGMOG00000001395	18
ENSGMOG00000001402	108
ENSGMOG00000001494	350
ENSGMOG00000019945	0
ENSGMOG00000019381	28
ENSGMOG00000019389	219
ENSGMOG00000019390	1
ENSGMOG00000019392	38106
ENSGMOG00000011773	2
ENSGMOG00000011803	676
ENSGMOG00000011809	7
ENSGMOG00000011818	227
ENSGMOG00000011828	7
ENSGMOG00000011838	236
ENSGMOG00000011846	1
ENSGMOG00000011858	0
ENSGMOG00000011860	978
ENSGMOG00000011869	0
ENSGMOG00000011877	351
ENSGMOG00000011885	1
ENSGMOG00000011886	1004
ENSGMOG00000020564	4686
ENSGMOG00000011891	4044
ENSGMOG00000011897	18670
ENSGMOG00000011903	1860
ENSGMOG00000011907	2
ENSGMOG00000001424	0
ENSGMOG00000001437	29
ENSGMOG00000001458	18
ENSGMOG00000001468	395
ENSGMOG00000001518	75
ENSGMOG00000005406	4
ENSGMOG00000005436	1750
ENSGMOG00000005474	985
ENSGMOG00000005501	774
ENSGMOG00000005517	24
ENSGMOG00000005538	0
ENSGMOG00000005561	887
ENSGMOG00000005627	1
ENSGMOG00000005636	181
ENSGMOG00000005651	2140
ENSGMOG00000005732	77
ENSGMOG00000005748	3750
ENSGMOG00000005803	338
ENSGMOG00000005816	11
ENSGMOG00000005862	15992
ENSGMOG00000014387	1
ENSGMOG00000014538	0
ENSGMOG00000015963	1
ENSGMOG00000015973	2383
ENSGMOG00000015994	19596
ENSGMOG00000016025	489
ENSGMOG00000016047	33
ENSGMOG00000016054	4
ENSGMOG00000001879	0
ENSGMOG00000001903	3162
ENSGMOG00000013464	2992
ENSGMOG00000013485	42
ENSGMOG00000013493	57
ENSGMOG00000022077	0
ENSGMOG00000021537	0
ENSGMOG00000010824	0
ENSGMOG00000010837	604
ENSGMOG00000010851	182
ENSGMOG00000010857	1125
ENSGMOG00000010887	666
ENSGMOG00000010902	0
ENSGMOG00000010909	0
ENSGMOG00000010982	1
ENSGMOG00000010989	0
ENSGMOG00000010994	7
ENSGMOG00000003052	1411
ENSGMOG00000003076	172
ENSGMOG00000003119	1910
ENSGMOG00000003148	9
ENSGMOG00000003156	7155
ENSGMOG00000003197	2909
ENSGMOG00000003204	1496
ENSGMOG00000003219	575
ENSGMOG00000003236	45
ENSGMOG00000018056	4
ENSGMOG00000018080	201
ENSGMOG00000018091	298
ENSGMOG00000005760	0
ENSGMOG00000020461	0
ENSGMOG00000005770	0
ENSGMOG00000013076	200
ENSGMOG00000011048	11
ENSGMOG00000011057	469
ENSGMOG00000011115	899
ENSGMOG00000011123	14
ENSGMOG00000011147	5176
ENSGMOG00000011162	58
ENSGMOG00000011169	230
ENSGMOG00000011173	1081
ENSGMOG00000011186	0
ENSGMOG00000011228	100
ENSGMOG00000011242	295
ENSGMOG00000011259	0
ENSGMOG00000011272	55
ENSGMOG00000011309	19
ENSGMOG00000010334	418
ENSGMOG00000010353	97
ENSGMOG00000010363	0
ENSGMOG00000010383	98
ENSGMOG00000010433	64
ENSGMOG00000010460	0
ENSGMOG00000009520	48
ENSGMOG00000009542	2282
ENSGMOG00000009553	1330
ENSGMOG00000009574	429
ENSGMOG00000000178	4631
ENSGMOG00000000185	0
ENSGMOG00000000190	1
ENSGMOG00000000199	7
ENSGMOG00000000209	922
ENSGMOG00000000216	16
ENSGMOG00000000223	19
ENSGMOG00000000235	18
ENSGMOG00000000242	809
ENSGMOG00000000246	2332
ENSGMOG00000000644	486
ENSGMOG00000000679	0
ENSGMOG00000000719	172
ENSGMOG00000000845	393
ENSGMOG00000001076	0
ENSGMOG00000001088	155
ENSGMOG00000001108	513
ENSGMOG00000001151	82
ENSGMOG00000001165	56
ENSGMOG00000001185	10
ENSGMOG00000001191	54
ENSGMOG00000001219	168
ENSGMOG00000001233	193
ENSGMOG00000001263	3188
ENSGMOG00000001362	3
ENSGMOG00000001423	4
ENSGMOG00000013780	5
ENSGMOG00000013821	5
ENSGMOG00000013993	628
ENSGMOG00000014017	265
ENSGMOG00000014025	0
ENSGMOG00000014064	0
ENSGMOG00000019944	18
ENSGMOG00000015206	2415
ENSGMOG00000000165	68
ENSGMOG00000000167	46
ENSGMOG00000000171	28
ENSGMOG00000000176	1128
ENSGMOG00000000179	536
ENSGMOG00000000192	846
ENSGMOG00000000204	807
ENSGMOG00000000212	7
ENSGMOG00000000218	160
ENSGMOG00000000229	1
ENSGMOG00000000233	938
ENSGMOG00000000237	28
ENSGMOG00000000241	399
ENSGMOG00000000248	725
ENSGMOG00000000255	2
ENSGMOG00000000268	1056
ENSGMOG00000000272	17
ENSGMOG00000003616	590
ENSGMOG00000003702	865
ENSGMOG00000003734	16
ENSGMOG00000000869	2163
ENSGMOG00000000881	109
ENSGMOG00000000891	217
ENSGMOG00000000894	2933
ENSGMOG00000000908	614
ENSGMOG00000000927	1117
ENSGMOG00000000936	85
ENSGMOG00000000951	893
ENSGMOG00000000988	54
ENSGMOG00000000997	723
ENSGMOG00000001012	58
ENSGMOG00000001035	3396
ENSGMOG00000001077	1
ENSGMOG00000001104	414
ENSGMOG00000001118	223
ENSGMOG00000001208	79
ENSGMOG00000001222	6166
ENSGMOG00000014878	114
ENSGMOG00000014898	2006
ENSGMOG00000014932	1339
ENSGMOG00000019916	0
ENSGMOG00000015262	8
ENSGMOG00000015267	109
ENSGMOG00000000766	3871
ENSGMOG00000000795	187
ENSGMOG00000019797	92
ENSGMOG00000000823	2205
ENSGMOG00000000871	378
ENSGMOG00000000872	150
ENSGMOG00000000889	47
ENSGMOG00000000903	511
ENSGMOG00000000939	1194
ENSGMOG00000000961	8
ENSGMOG00000000973	13
ENSGMOG00000019911	17
ENSGMOG00000000984	528
ENSGMOG00000000991	566
ENSGMOG00000001010	456
ENSGMOG00000001024	1082
ENSGMOG00000001068	19
ENSGMOG00000001121	0
ENSGMOG00000001161	123
ENSGMOG00000001179	498
ENSGMOG00000011720	1
ENSGMOG00000011723	22
ENSGMOG00000011729	270
ENSGMOG00000011744	677
ENSGMOG00000011756	892
ENSGMOG00000011763	791
ENSGMOG00000011772	579
ENSGMOG00000011779	963
ENSGMOG00000011781	666
ENSGMOG00000011640	0
ENSGMOG00000011644	955
ENSGMOG00000011650	54
ENSGMOG00000011656	209
ENSGMOG00000011665	16
ENSGMOG00000011667	100
ENSGMOG00000011669	3
ENSGMOG00000011679	79
ENSGMOG00000011689	2491
ENSGMOG00000011726	218
ENSGMOG00000011733	648
ENSGMOG00000011739	387
ENSGMOG00000020158	0
ENSGMOG00000011743	2
ENSGMOG00000011757	21
ENSGMOG00000011760	2177
ENSGMOG00000001694	0
ENSGMOG00000001710	0
ENSGMOG00000001725	505
ENSGMOG00000001734	1
ENSGMOG00000001753	0
ENSGMOG00000001770	943
ENSGMOG00000001780	551
ENSGMOG00000001803	0
ENSGMOG00000013014	213
ENSGMOG00000013018	42
ENSGMOG00000013029	1386
ENSGMOG00000013043	0
ENSGMOG00000013051	239
ENSGMOG00000013055	423
ENSGMOG00000013077	18
ENSGMOG00000013096	589
ENSGMOG00000013124	131
ENSGMOG00000013137	126
ENSGMOG00000013141	667
ENSGMOG00000013156	0
ENSGMOG00000021905	0
ENSGMOG00000013163	0
ENSGMOG00000012851	155
ENSGMOG00000019760	0
ENSGMOG00000000174	160
ENSGMOG00000000188	14
ENSGMOG00000000211	0
ENSGMOG00000000217	98
ENSGMOG00000000226	27
ENSGMOG00000020563	0
ENSGMOG00000010690	1402
ENSGMOG00000010697	1074
ENSGMOG00000010739	522
ENSGMOG00000010749	1086
ENSGMOG00000010758	58923
ENSGMOG00000010774	152
ENSGMOG00000010804	0
ENSGMOG00000001873	938
ENSGMOG00000001883	0
ENSGMOG00000015116	0
ENSGMOG00000015167	0
ENSGMOG00000019933	23
ENSGMOG00000012598	50
ENSGMOG00000012601	338
ENSGMOG00000012610	295
ENSGMOG00000012615	735
ENSGMOG00000012616	619
ENSGMOG00000012619	445
ENSGMOG00000012625	64
ENSGMOG00000012627	983
ENSGMOG00000012634	7374
ENSGMOG00000012636	140
ENSGMOG00000012639	0
ENSGMOG00000012641	154
ENSGMOG00000012643	109
ENSGMOG00000012647	122
ENSGMOG00000020607	79
ENSGMOG00000012648	41
ENSGMOG00000001470	7
ENSGMOG00000001492	1
ENSGMOG00000001501	1
ENSGMOG00000001586	1
ENSGMOG00000001618	1
ENSGMOG00000001622	0
ENSGMOG00000008804	51
ENSGMOG00000008822	1
ENSGMOG00000008851	115
ENSGMOG00000015729	1793
ENSGMOG00000015749	0
ENSGMOG00000015756	642
ENSGMOG00000000586	27
ENSGMOG00000000641	5
ENSGMOG00000000661	5
ENSGMOG00000000769	165
ENSGMOG00000019788	223
ENSGMOG00000000817	21
ENSGMOG00000013563	3432
ENSGMOG00000013580	328
ENSGMOG00000013587	63
ENSGMOG00000013605	321
ENSGMOG00000013608	796
ENSGMOG00000013641	588
ENSGMOG00000013655	631
ENSGMOG00000013663	341
ENSGMOG00000013678	2
ENSGMOG00000013689	708
ENSGMOG00000013702	2690
ENSGMOG00000013732	13
ENSGMOG00000013749	1359
ENSGMOG00000013768	7179
ENSGMOG00000013816	581
ENSGMOG00000013847	84
ENSGMOG00000013482	301
ENSGMOG00000013492	0
ENSGMOG00000013499	129
ENSGMOG00000013509	294
ENSGMOG00000013523	5645
ENSGMOG00000013530	607
ENSGMOG00000013537	3894
ENSGMOG00000013543	634
ENSGMOG00000013556	482
ENSGMOG00000013571	261
ENSGMOG00000013576	4
ENSGMOG00000013599	751
ENSGMOG00000013660	1
ENSGMOG00000013667	66
ENSGMOG00000013682	13
ENSGMOG00000013695	929
ENSGMOG00000009460	0
ENSGMOG00000009478	96
ENSGMOG00000009540	0
ENSGMOG00000006266	0
ENSGMOG00000006276	1
ENSGMOG00000014771	145
ENSGMOG00000014859	18
ENSGMOG00000019909	334
ENSGMOG00000015644	332
ENSGMOG00000015668	2
ENSGMOG00000015857	154
ENSGMOG00000015869	1501
ENSGMOG00000015900	83
ENSGMOG00000015906	5
ENSGMOG00000015982	3
ENSGMOG00000020324	65
ENSGMOG00000016003	2300
ENSGMOG00000016024	4941
ENSGMOG00000016046	1
ENSGMOG00000016056	79
ENSGMOG00000016070	152
ENSGMOG00000016078	123
ENSGMOG00000016117	21
ENSGMOG00000005133	2183
ENSGMOG00000005179	12712
ENSGMOG00000005195	63
ENSGMOG00000020936	1
ENSGMOG00000020829	2
ENSGMOG00000022141	1
ENSGMOG00000020729	2
ENSGMOG00000005217	76
ENSGMOG00000005229	3799
ENSGMOG00000005247	58
ENSGMOG00000005260	200
ENSGMOG00000005263	0
ENSGMOG00000005305	230
ENSGMOG00000005319	3
ENSGMOG00000005327	7
ENSGMOG00000005352	0
ENSGMOG00000005395	0
ENSGMOG00000008357	37
ENSGMOG00000008368	516
ENSGMOG00000008370	2
ENSGMOG00000020410	0
ENSGMOG00000008371	1999
ENSGMOG00000008376	440
ENSGMOG00000021879	0
ENSGMOG00000021208	0
ENSGMOG00000020847	6
ENSGMOG00000008377	0
ENSGMOG00000008378	173
ENSGMOG00000008380	61
ENSGMOG00000008382	419
ENSGMOG00000008385	4823
ENSGMOG00000008387	249
ENSGMOG00000008389	65
ENSGMOG00000008390	0
ENSGMOG00000008394	697
ENSGMOG00000008397	456
ENSGMOG00000008401	753
ENSGMOG00000008403	945
ENSGMOG00000003759	207
ENSGMOG00000003783	705
ENSGMOG00000003878	23347
ENSGMOG00000003904	1582
ENSGMOG00000003926	1822
ENSGMOG00000021830	4
ENSGMOG00000003951	629
ENSGMOG00000003958	1764
ENSGMOG00000003979	189
ENSGMOG00000003991	1327
ENSGMOG00000004003	9
ENSGMOG00000004040	37
ENSGMOG00000004176	6900
ENSGMOG00000004190	598
ENSGMOG00000004235	3064
ENSGMOG00000004254	336
ENSGMOG00000004281	70
ENSGMOG00000004357	7841
ENSGMOG00000004437	22
ENSGMOG00000004740	1422
ENSGMOG00000008078	0
ENSGMOG00000008080	761
ENSGMOG00000006029	984
ENSGMOG00000006082	273
ENSGMOG00000006100	10029
ENSGMOG00000006129	418
ENSGMOG00000006164	173
ENSGMOG00000006183	135
ENSGMOG00000006203	2025
ENSGMOG00000006213	1502
ENSGMOG00000006228	86
ENSGMOG00000006280	479
ENSGMOG00000006289	1
ENSGMOG00000006360	112
ENSGMOG00000006368	202
ENSGMOG00000006394	0
ENSGMOG00000006405	479
ENSGMOG00000006417	338
ENSGMOG00000006426	719
ENSGMOG00000006433	8
ENSGMOG00000000937	1
ENSGMOG00000000959	0
ENSGMOG00000000979	810
ENSGMOG00000001004	221
ENSGMOG00000001017	1539
ENSGMOG00000001056	3
ENSGMOG00000001087	904
ENSGMOG00000001109	187
ENSGMOG00000011599	16
ENSGMOG00000011605	204
ENSGMOG00000011616	1575
ENSGMOG00000011620	10
ENSGMOG00000011627	3
ENSGMOG00000011639	2401
ENSGMOG00000011646	2348
ENSGMOG00000011654	8
ENSGMOG00000004451	8255
ENSGMOG00000004458	652
ENSGMOG00000004481	33
ENSGMOG00000004523	0
ENSGMOG00000004541	316
ENSGMOG00000004571	246
ENSGMOG00000004595	1283
ENSGMOG00000004633	325
ENSGMOG00000004640	577
ENSGMOG00000004683	0
ENSGMOG00000004695	6
ENSGMOG00000002869	157
ENSGMOG00000002911	381
ENSGMOG00000002930	3426
ENSGMOG00000021379	30
ENSGMOG00000022037	0
ENSGMOG00000002958	400
ENSGMOG00000002973	1419
ENSGMOG00000003001	0
ENSGMOG00000003009	804
ENSGMOG00000003049	5
ENSGMOG00000003057	2
ENSGMOG00000003987	11
ENSGMOG00000000523	48
ENSGMOG00000000538	8971
ENSGMOG00000021432	0
ENSGMOG00000015438	102
ENSGMOG00000015601	2
ENSGMOG00000015640	91
ENSGMOG00000009535	128
ENSGMOG00000009550	184
ENSGMOG00000009568	311
ENSGMOG00000009586	7
ENSGMOG00000009593	57
ENSGMOG00000009604	0
ENSGMOG00000009611	183
ENSGMOG00000009846	0
ENSGMOG00000009854	4
ENSGMOG00000009862	2
ENSGMOG00000009881	6
ENSGMOG00000009890	29
ENSGMOG00000009898	4
ENSGMOG00000020518	0
ENSGMOG00000009908	75
ENSGMOG00000009939	5
ENSGMOG00000009946	136
ENSGMOG00000021880	0
ENSGMOG00000009962	0
ENSGMOG00000009982	13387
ENSGMOG00000009991	972
ENSGMOG00000010008	40
ENSGMOG00000011938	66004
ENSGMOG00000011950	1161
ENSGMOG00000011957	3000
ENSGMOG00000011966	2088
ENSGMOG00000011971	987
ENSGMOG00000011976	985
ENSGMOG00000011985	81
ENSGMOG00000011990	26986
ENSGMOG00000021192	6
ENSGMOG00000020717	2
ENSGMOG00000011995	238
ENSGMOG00000012003	24659
ENSGMOG00000012005	316993
ENSGMOG00000012011	198
ENSGMOG00000020571	0
ENSGMOG00000012018	436
ENSGMOG00000012026	8
ENSGMOG00000012033	138
ENSGMOG00000012040	57
ENSGMOG00000012054	247
ENSGMOG00000012063	569
ENSGMOG00000012090	700
ENSGMOG00000020740	0
ENSGMOG00000021149	0
ENSGMOG00000012097	75
ENSGMOG00000012099	0
ENSGMOG00000012100	0
ENSGMOG00000013548	100
ENSGMOG00000013557	3492
ENSGMOG00000013567	1544
ENSGMOG00000013577	1
ENSGMOG00000013585	122
ENSGMOG00000013594	5922
ENSGMOG00000013601	51
ENSGMOG00000020496	27
ENSGMOG00000013626	1512
ENSGMOG00000013636	38
ENSGMOG00000013659	340
ENSGMOG00000013675	289
ENSGMOG00000013683	322
ENSGMOG00000013704	23
ENSGMOG00000013719	22
ENSGMOG00000013729	523
ENSGMOG00000013754	8708
ENSGMOG00000013774	604
ENSGMOG00000013843	2184
ENSGMOG00000002158	220
ENSGMOG00000002165	142
ENSGMOG00000002183	14
ENSGMOG00000002203	2
ENSGMOG00000002257	235
ENSGMOG00000002299	73
ENSGMOG00000002316	1007
ENSGMOG00000002360	45
ENSGMOG00000002372	50
ENSGMOG00000002385	136
ENSGMOG00000002417	98837
ENSGMOG00000002463	657
ENSGMOG00000002491	4845
ENSGMOG00000002516	120
ENSGMOG00000002547	0
ENSGMOG00000002575	102
ENSGMOG00000002625	5
ENSGMOG00000002640	2
ENSGMOG00000002687	0
ENSGMOG00000002714	0
ENSGMOG00000002727	1419
ENSGMOG00000002774	468
ENSGMOG00000020155	12
ENSGMOG00000011509	867
ENSGMOG00000011533	2872
ENSGMOG00000011540	247
ENSGMOG00000020156	138
ENSGMOG00000011548	1241
ENSGMOG00000011557	64937
ENSGMOG00000011565	1887
ENSGMOG00000011569	690
ENSGMOG00000011577	15
ENSGMOG00000011585	3154
ENSGMOG00000011593	3879
ENSGMOG00000011611	3676
ENSGMOG00000011619	921
ENSGMOG00000011629	3758
ENSGMOG00000011652	287
ENSGMOG00000011661	2
ENSGMOG00000011666	1425
ENSGMOG00000011672	4644
ENSGMOG00000011703	44207
ENSGMOG00000011705	73
ENSGMOG00000014012	72
ENSGMOG00000014030	287
ENSGMOG00000014193	221
ENSGMOG00000014306	3914
ENSGMOG00000014314	203
ENSGMOG00000014366	2020
ENSGMOG00000014438	928
ENSGMOG00000014451	154
ENSGMOG00000014475	688
ENSGMOG00000014489	652
ENSGMOG00000014518	464
ENSGMOG00000014537	239
ENSGMOG00000014549	177
ENSGMOG00000014569	744
ENSGMOG00000020085	5
ENSGMOG00000005449	340
ENSGMOG00000005482	4068
ENSGMOG00000005493	458
ENSGMOG00000019005	0
ENSGMOG00000019013	1
ENSGMOG00000019020	294
ENSGMOG00000019024	374
ENSGMOG00000019034	0
ENSGMOG00000019042	391
ENSGMOG00000019051	0
ENSGMOG00000019057	12
ENSGMOG00000019065	845
ENSGMOG00000004895	28
ENSGMOG00000004945	170
ENSGMOG00000004953	93
ENSGMOG00000004957	0
ENSGMOG00000020418	1885
ENSGMOG00000004961	56
ENSGMOG00000004980	3916
ENSGMOG00000017446	0
ENSGMOG00000017458	8
ENSGMOG00000017498	2229
ENSGMOG00000017527	125
ENSGMOG00000017539	26
ENSGMOG00000017548	2061
ENSGMOG00000017583	14
ENSGMOG00000017605	26
ENSGMOG00000017621	743
ENSGMOG00000017645	480
ENSGMOG00000017676	275
ENSGMOG00000017693	1281
ENSGMOG00000017699	628
ENSGMOG00000017729	2792
ENSGMOG00000017755	106
ENSGMOG00000017776	55
ENSGMOG00000017789	922
ENSGMOG00000018065	19
ENSGMOG00000018094	1183
ENSGMOG00000018214	303
ENSGMOG00000018237	2451
ENSGMOG00000018257	65
ENSGMOG00000008622	0
ENSGMOG00000008628	14
ENSGMOG00000019853	3
ENSGMOG00000008638	84
ENSGMOG00000019855	42
ENSGMOG00000009396	863
ENSGMOG00000021119	0
ENSGMOG00000009413	3
ENSGMOG00000009426	133
ENSGMOG00000009430	4
ENSGMOG00000009435	0
ENSGMOG00000009459	23
ENSGMOG00000009472	0
ENSGMOG00000009501	0
ENSGMOG00000009549	84
ENSGMOG00000009594	869
ENSGMOG00000009609	336
ENSGMOG00000009620	457
ENSGMOG00000009624	444
ENSGMOG00000009628	62
ENSGMOG00000015633	354
ENSGMOG00000015723	3
ENSGMOG00000015759	9
ENSGMOG00000015765	1250
ENSGMOG00000015772	1
ENSGMOG00000015781	7
ENSGMOG00000015820	2
ENSGMOG00000015828	1193
ENSGMOG00000015858	19
ENSGMOG00000003385	0
ENSGMOG00000003400	1980
ENSGMOG00000003416	175
ENSGMOG00000003427	224
ENSGMOG00000003457	505
ENSGMOG00000003503	547
ENSGMOG00000003510	823
ENSGMOG00000003526	1642
ENSGMOG00000003539	62
ENSGMOG00000003568	99
ENSGMOG00000003597	327
ENSGMOG00000003631	5201
ENSGMOG00000003719	0
ENSGMOG00000003726	196
ENSGMOG00000003745	70
ENSGMOG00000003786	49
ENSGMOG00000003801	4
ENSGMOG00000002812	327
ENSGMOG00000002841	9590
ENSGMOG00000003023	285
ENSGMOG00000003037	979
ENSGMOG00000003054	1414
ENSGMOG00000003077	375
ENSGMOG00000003101	437
ENSGMOG00000003116	274
ENSGMOG00000003126	58
ENSGMOG00000003134	70
ENSGMOG00000003169	0
ENSGMOG00000003182	0
ENSGMOG00000022079	0
ENSGMOG00000003194	1
ENSGMOG00000003203	0
ENSGMOG00000003213	7197
ENSGMOG00000003246	482
ENSGMOG00000003261	342
ENSGMOG00000003295	6503
ENSGMOG00000003314	71
ENSGMOG00000003323	1989
ENSGMOG00000003379	453
ENSGMOG00000003499	531
ENSGMOG00000001569	1
ENSGMOG00000001577	1542
ENSGMOG00000001601	6
ENSGMOG00000001644	2
ENSGMOG00000006028	289
ENSGMOG00000006036	48
ENSGMOG00000006077	369
ENSGMOG00000020220	1060
ENSGMOG00000006083	0
ENSGMOG00000006118	321
ENSGMOG00000006132	476
ENSGMOG00000006144	292
ENSGMOG00000006158	3645
ENSGMOG00000006177	16205
ENSGMOG00000006193	2539
ENSGMOG00000006225	41
ENSGMOG00000006233	414
ENSGMOG00000006239	1067
ENSGMOG00000006247	186
ENSGMOG00000006265	1112
ENSGMOG00000006285	2
ENSGMOG00000006335	170
ENSGMOG00000000549	125
ENSGMOG00000000560	2657
ENSGMOG00000000578	120
ENSGMOG00000008785	350
ENSGMOG00000008796	182
ENSGMOG00000008817	2
ENSGMOG00000008830	20
ENSGMOG00000008834	316
ENSGMOG00000008850	113
ENSGMOG00000008871	199
ENSGMOG00000008886	298
ENSGMOG00000008901	1246
ENSGMOG00000008909	268
ENSGMOG00000008919	28
ENSGMOG00000008929	0
ENSGMOG00000008936	230
ENSGMOG00000008954	7
ENSGMOG00000013958	104
ENSGMOG00000013977	1
ENSGMOG00000014032	7
ENSGMOG00000014039	293
ENSGMOG00000014063	122
ENSGMOG00000014156	29640
ENSGMOG00000014180	3383
ENSGMOG00000014195	130
ENSGMOG00000014215	179
ENSGMOG00000014225	903
ENSGMOG00000014269	817
ENSGMOG00000010246	1018
ENSGMOG00000010257	1
ENSGMOG00000010272	797
ENSGMOG00000010310	0
ENSGMOG00000010318	0
ENSGMOG00000007406	459
ENSGMOG00000007415	0
ENSGMOG00000007418	0
ENSGMOG00000007422	0
ENSGMOG00000007434	0
ENSGMOG00000007437	0
ENSGMOG00000007442	0
ENSGMOG00000007447	671
ENSGMOG00000004692	319
ENSGMOG00000004709	8514
ENSGMOG00000004781	1827
ENSGMOG00000004804	6
ENSGMOG00000008647	499
ENSGMOG00000008650	0
ENSGMOG00000008659	833
ENSGMOG00000008667	0
ENSGMOG00000008685	117
ENSGMOG00000008697	811
ENSGMOG00000008757	969
ENSGMOG00000008761	346
ENSGMOG00000008780	1
ENSGMOG00000008805	0
ENSGMOG00000009798	245
ENSGMOG00000011251	1031
ENSGMOG00000020137	0
ENSGMOG00000011300	1156
ENSGMOG00000001212	133
ENSGMOG00000004846	50
ENSGMOG00000004877	42
ENSGMOG00000004921	115
ENSGMOG00000020415	7
ENSGMOG00000020416	0
ENSGMOG00000004985	621
ENSGMOG00000004993	1713
ENSGMOG00000005013	307
ENSGMOG00000011731	249
ENSGMOG00000011749	776
ENSGMOG00000011759	93
ENSGMOG00000011765	570
ENSGMOG00000011775	438
ENSGMOG00000011788	11
ENSGMOG00000011795	8
ENSGMOG00000011799	169
ENSGMOG00000011817	229
ENSGMOG00000011827	117
ENSGMOG00000011836	178
ENSGMOG00000011840	426
ENSGMOG00000011853	28
ENSGMOG00000011859	1764
ENSGMOG00000011864	4
ENSGMOG00000011875	1124
ENSGMOG00000011883	7566
ENSGMOG00000011888	355
ENSGMOG00000011899	8240
ENSGMOG00000020581	1
ENSGMOG00000012047	1986
ENSGMOG00000012050	4372
ENSGMOG00000012052	315
ENSGMOG00000012058	412
ENSGMOG00000012059	900
ENSGMOG00000012067	40
ENSGMOG00000013368	2
ENSGMOG00000017387	2289
ENSGMOG00000017395	126
ENSGMOG00000017426	58
ENSGMOG00000017434	1048
ENSGMOG00000017453	529
ENSGMOG00000017471	25
ENSGMOG00000017501	175
ENSGMOG00000017512	5419
ENSGMOG00000017526	79
ENSGMOG00000017542	3010
ENSGMOG00000019823	0
ENSGMOG00000017581	8
ENSGMOG00000017614	141
ENSGMOG00000017635	799
ENSGMOG00000018296	1951
ENSGMOG00000018323	135
ENSGMOG00000018336	0
ENSGMOG00000018339	0
ENSGMOG00000018348	987
ENSGMOG00000018355	2199
ENSGMOG00000018383	271
ENSGMOG00000018404	1738
ENSGMOG00000018421	4
ENSGMOG00000018112	727
ENSGMOG00000018145	728
ENSGMOG00000018165	6
ENSGMOG00000020269	1
ENSGMOG00000018171	316
ENSGMOG00000018189	23
ENSGMOG00000018213	0
ENSGMOG00000018223	965
ENSGMOG00000018246	1153
ENSGMOG00000018264	370
ENSGMOG00000020270	0
ENSGMOG00000018280	0
ENSGMOG00000018287	2440
ENSGMOG00000018327	0
ENSGMOG00000002791	716
ENSGMOG00000002811	225
ENSGMOG00000002862	521
ENSGMOG00000002924	0
ENSGMOG00000003061	0
ENSGMOG00000003067	0
ENSGMOG00000003075	0
ENSGMOG00000003100	0
ENSGMOG00000005728	24
ENSGMOG00000005746	5
ENSGMOG00000005768	100
ENSGMOG00000014699	290
ENSGMOG00000014740	1
ENSGMOG00000014849	368
ENSGMOG00000014883	4544
ENSGMOG00000014899	24
ENSGMOG00000014913	170
ENSGMOG00000014933	155
ENSGMOG00000002531	0
ENSGMOG00000002574	32
ENSGMOG00000002598	332
ENSGMOG00000002617	4
ENSGMOG00000002651	576
ENSGMOG00000002720	349
ENSGMOG00000004529	28
ENSGMOG00000004537	2794
ENSGMOG00000009313	2
ENSGMOG00000011830	6
ENSGMOG00000018976	2199
ENSGMOG00000018987	202
ENSGMOG00000019010	2
ENSGMOG00000019067	1234
ENSGMOG00000019126	1199
ENSGMOG00000019200	1
ENSGMOG00000016236	86
ENSGMOG00000016326	48
ENSGMOG00000015658	0
ENSGMOG00000015689	3350
ENSGMOG00000015734	2297
ENSGMOG00000015792	0
ENSGMOG00000016919	147
ENSGMOG00000016926	33015
ENSGMOG00000016943	16
ENSGMOG00000016954	4444
ENSGMOG00000016974	1368
ENSGMOG00000016995	1
ENSGMOG00000017025	1593
ENSGMOG00000017039	0
ENSGMOG00000017055	461
ENSGMOG00000017105	312
ENSGMOG00000017140	167
ENSGMOG00000017173	1328
ENSGMOG00000017203	538
ENSGMOG00000009119	17
ENSGMOG00000009128	0
ENSGMOG00000009138	0
ENSGMOG00000009141	0
ENSGMOG00000009145	52
ENSGMOG00000002538	0
ENSGMOG00000002596	11395
ENSGMOG00000002605	0
ENSGMOG00000002630	61
ENSGMOG00000002649	4933
ENSGMOG00000002735	2824
ENSGMOG00000002769	564
ENSGMOG00000020880	0
ENSGMOG00000002830	147
ENSGMOG00000020197	450
ENSGMOG00000002847	1
ENSGMOG00000016880	2190
ENSGMOG00000016925	2977
ENSGMOG00000016988	0
ENSGMOG00000017000	633
ENSGMOG00000017021	1
ENSGMOG00000017033	33
ENSGMOG00000017074	1086
ENSGMOG00000017106	22
ENSGMOG00000017155	255
ENSGMOG00000017161	3279
ENSGMOG00000001919	2289
ENSGMOG00000001943	26
ENSGMOG00000002034	8
ENSGMOG00000019995	3
ENSGMOG00000015951	0
ENSGMOG00000002362	1344
ENSGMOG00000002488	0
ENSGMOG00000002550	454
ENSGMOG00000002570	831
ENSGMOG00000002626	8
ENSGMOG00000004295	1249
ENSGMOG00000004325	54
ENSGMOG00000004362	0
ENSGMOG00000020049	5
ENSGMOG00000020050	3
ENSGMOG00000004367	5
ENSGMOG00000020051	0
ENSGMOG00000004374	160
ENSGMOG00000020052	58
ENSGMOG00000004386	1098
ENSGMOG00000004391	0
ENSGMOG00000004402	0
ENSGMOG00000009617	15
ENSGMOG00000009633	191
ENSGMOG00000009635	604
ENSGMOG00000009644	0
ENSGMOG00000009651	0
ENSGMOG00000009710	603
ENSGMOG00000009723	1
ENSGMOG00000009731	56
ENSGMOG00000009735	2374
ENSGMOG00000009736	67
ENSGMOG00000009747	2554
ENSGMOG00000001490	818
ENSGMOG00000001523	8569
ENSGMOG00000001542	15
ENSGMOG00000001554	6
ENSGMOG00000001571	107
ENSGMOG00000001592	1832
ENSGMOG00000001616	974
ENSGMOG00000001621	1553
ENSGMOG00000001636	17906
ENSGMOG00000021401	77
ENSGMOG00000019974	918
ENSGMOG00000001643	217
ENSGMOG00000001671	2905
ENSGMOG00000001688	1455
ENSGMOG00000001702	4713
ENSGMOG00000001713	707
ENSGMOG00000001731	5
ENSGMOG00000019427	20149
ENSGMOG00000019435	849
ENSGMOG00000019444	61
ENSGMOG00000019449	1977
ENSGMOG00000003187	7
ENSGMOG00000003218	2
ENSGMOG00000003225	8
ENSGMOG00000003232	39
ENSGMOG00000003242	0
ENSGMOG00000003252	0
ENSGMOG00000003262	0
ENSGMOG00000003284	1
ENSGMOG00000003306	0
ENSGMOG00000003315	205
ENSGMOG00000003372	3
ENSGMOG00000003376	2
ENSGMOG00000019703	1250
ENSGMOG00000019704	12727
ENSGMOG00000003394	51
ENSGMOG00000008504	973
ENSGMOG00000008521	331
ENSGMOG00000008529	194496
ENSGMOG00000008540	50
ENSGMOG00000008558	0
ENSGMOG00000008565	109
ENSGMOG00000008568	105
ENSGMOG00000009159	19
ENSGMOG00000009180	115
ENSGMOG00000009188	968
ENSGMOG00000009200	214
ENSGMOG00000009211	90
ENSGMOG00000010295	318
ENSGMOG00000010313	490
ENSGMOG00000010321	2746
ENSGMOG00000010354	244
ENSGMOG00000010373	8880
ENSGMOG00000010391	124
ENSGMOG00000010415	13
ENSGMOG00000010429	1156
ENSGMOG00000010440	1
ENSGMOG00000010446	508
ENSGMOG00000010452	274
ENSGMOG00000010466	686
ENSGMOG00000010477	127
ENSGMOG00000010491	1414
ENSGMOG00000006811	14
ENSGMOG00000020251	13
ENSGMOG00000006855	0
ENSGMOG00000006866	2114
ENSGMOG00000006876	7981
ENSGMOG00000010340	0
ENSGMOG00000010343	2
ENSGMOG00000010392	0
ENSGMOG00000019940	21
ENSGMOG00000015143	992
ENSGMOG00000015179	315
ENSGMOG00000015226	31
ENSGMOG00000015250	75
ENSGMOG00000015290	1631
ENSGMOG00000015391	0
ENSGMOG00000015405	0
ENSGMOG00000015408	131
ENSGMOG00000015418	4
ENSGMOG00000015449	1741
ENSGMOG00000015462	43
ENSGMOG00000015474	105
ENSGMOG00000008947	85
ENSGMOG00000008957	17
ENSGMOG00000008966	232
ENSGMOG00000009010	53
ENSGMOG00000009019	598
ENSGMOG00000009025	761
ENSGMOG00000009038	23
ENSGMOG00000009059	4601
ENSGMOG00000009064	1
ENSGMOG00000009075	2
ENSGMOG00000009087	429
ENSGMOG00000008094	4
ENSGMOG00000021966	0
ENSGMOG00000008100	191
ENSGMOG00000008107	314
ENSGMOG00000008111	374
ENSGMOG00000008115	553
ENSGMOG00000015757	2
ENSGMOG00000015842	2
ENSGMOG00000002095	1
ENSGMOG00000017339	355
ENSGMOG00000019820	0
ENSGMOG00000019821	145
ENSGMOG00000017406	0
ENSGMOG00000017424	0
ENSGMOG00000017448	0
ENSGMOG00000017456	292
ENSGMOG00000011121	0
ENSGMOG00000011130	7
ENSGMOG00000011131	182
ENSGMOG00000021492	0
ENSGMOG00000011141	519
ENSGMOG00000020132	4
ENSGMOG00000012817	45
ENSGMOG00000012825	46
ENSGMOG00000012828	3342
ENSGMOG00000012835	1359
ENSGMOG00000012843	176
ENSGMOG00000012849	3
ENSGMOG00000012853	363
ENSGMOG00000012858	131
ENSGMOG00000000944	2497
ENSGMOG00000000952	116
ENSGMOG00000000981	240
ENSGMOG00000000992	1028
ENSGMOG00000000995	2
ENSGMOG00000001028	0
ENSGMOG00000001043	5281
ENSGMOG00000001062	215
ENSGMOG00000001090	1018
ENSGMOG00000001129	69
ENSGMOG00000001156	13
ENSGMOG00000001198	325
ENSGMOG00000001202	761
ENSGMOG00000001213	655
ENSGMOG00000001260	1345
ENSGMOG00000001274	15
ENSGMOG00000001294	67
ENSGMOG00000013454	0
ENSGMOG00000007754	1419
ENSGMOG00000022100	0
ENSGMOG00000000331	3070
ENSGMOG00000000343	42
ENSGMOG00000000346	100
ENSGMOG00000000352	1289
ENSGMOG00000000363	4019
ENSGMOG00000012807	9
ENSGMOG00000012812	753
ENSGMOG00000012815	1769
ENSGMOG00000012819	558
ENSGMOG00000012830	2
ENSGMOG00000012834	462
ENSGMOG00000012841	2723
ENSGMOG00000012848	425
ENSGMOG00000020469	104
ENSGMOG00000012856	1556
ENSGMOG00000012870	477
ENSGMOG00000019218	1497
ENSGMOG00000019230	53
ENSGMOG00000019233	897
ENSGMOG00000019239	602
ENSGMOG00000018362	45
ENSGMOG00000018372	7
ENSGMOG00000018422	211
ENSGMOG00000018447	6
ENSGMOG00000018465	433
ENSGMOG00000018475	190
ENSGMOG00000018483	1602
ENSGMOG00000019246	220
ENSGMOG00000019261	2401
ENSGMOG00000019271	1558
ENSGMOG00000020799	7
ENSGMOG00000021620	4
ENSGMOG00000019281	53
ENSGMOG00000019289	586
ENSGMOG00000019312	182
ENSGMOG00000011394	11
ENSGMOG00000011398	4395
ENSGMOG00000011415	3
ENSGMOG00000011448	785
ENSGMOG00000022081	13
ENSGMOG00000021488	10
ENSGMOG00000021991	20
ENSGMOG00000019915	0
ENSGMOG00000014819	36
ENSGMOG00000014836	729
ENSGMOG00000014852	521
ENSGMOG00000014924	396
ENSGMOG00000014948	483
ENSGMOG00000014988	40
ENSGMOG00000015013	37
ENSGMOG00000015028	384
ENSGMOG00000015188	377
ENSGMOG00000015265	7693
ENSGMOG00000011947	35
ENSGMOG00000001934	797
ENSGMOG00000001946	902
ENSGMOG00000001969	1739
ENSGMOG00000002020	315
ENSGMOG00000002035	0
ENSGMOG00000002046	1757
ENSGMOG00000002050	5307
ENSGMOG00000002068	1224
ENSGMOG00000002088	1017
ENSGMOG00000002208	230
ENSGMOG00000002274	78
ENSGMOG00000002290	677
ENSGMOG00000002296	581
ENSGMOG00000002330	183
ENSGMOG00000002356	1990
ENSGMOG00000002865	0
ENSGMOG00000002901	0
ENSGMOG00000002614	4
ENSGMOG00000002642	1319
ENSGMOG00000002673	145
ENSGMOG00000002693	314
ENSGMOG00000009720	17
ENSGMOG00000009725	1195
ENSGMOG00000009770	0
ENSGMOG00000019770	5431
ENSGMOG00000019771	0
ENSGMOG00000000358	641
ENSGMOG00000000368	126
ENSGMOG00000000380	326
ENSGMOG00000000387	30
ENSGMOG00000000396	0
ENSGMOG00000000429	1797
ENSGMOG00000000439	856
ENSGMOG00000000452	20
ENSGMOG00000002051	278
ENSGMOG00000018031	84
ENSGMOG00000018052	1174
ENSGMOG00000018067	31
ENSGMOG00000018076	0
ENSGMOG00000016110	76
ENSGMOG00000016157	1053
ENSGMOG00000016179	150
ENSGMOG00000016198	4899
ENSGMOG00000016242	2033
ENSGMOG00000006370	390
ENSGMOG00000006382	28
ENSGMOG00000006457	16
ENSGMOG00000006593	0
ENSGMOG00000006673	4446
ENSGMOG00000006998	500
ENSGMOG00000007023	1197
ENSGMOG00000001074	826
ENSGMOG00000001171	493
ENSGMOG00000001193	36
ENSGMOG00000013444	359
ENSGMOG00000013502	0
ENSGMOG00000013517	8
ENSGMOG00000013536	5837
ENSGMOG00000013549	35601
ENSGMOG00000013562	12
ENSGMOG00000013569	726
ENSGMOG00000013607	859
ENSGMOG00000013633	433
ENSGMOG00000013664	163
ENSGMOG00000013672	50
ENSGMOG00000018095	5461
ENSGMOG00000018117	411
ENSGMOG00000020905	0
ENSGMOG00000018140	11174
ENSGMOG00000018235	909
ENSGMOG00000018242	232
ENSGMOG00000018279	199
ENSGMOG00000018285	0
ENSGMOG00000018306	0
ENSGMOG00000007956	0
ENSGMOG00000005147	445
ENSGMOG00000005166	21
ENSGMOG00000005175	18
ENSGMOG00000014611	13
ENSGMOG00000014676	6
ENSGMOG00000018333	0
ENSGMOG00000018356	19528
ENSGMOG00000020276	2
ENSGMOG00000018364	0
ENSGMOG00000020277	102
ENSGMOG00000020278	11659
ENSGMOG00000020279	394
ENSGMOG00000018370	245
ENSGMOG00000018381	1716
ENSGMOG00000018401	2612
ENSGMOG00000018425	59
ENSGMOG00000018445	46
ENSGMOG00000018456	1124
ENSGMOG00000018476	5
ENSGMOG00000018488	791
ENSGMOG00000018528	0
ENSGMOG00000015597	21
ENSGMOG00000015618	1455
ENSGMOG00000015634	286
ENSGMOG00000015653	55
ENSGMOG00000015666	0
ENSGMOG00000015681	0
ENSGMOG00000015706	0
ENSGMOG00000015720	60
ENSGMOG00000015737	1740
ENSGMOG00000015766	17
ENSGMOG00000016213	6
ENSGMOG00000011226	4
ENSGMOG00000011234	40
ENSGMOG00000011238	157
ENSGMOG00000011247	3425
ENSGMOG00000011253	0
ENSGMOG00000011261	291
ENSGMOG00000011273	0
ENSGMOG00000011276	1409
ENSGMOG00000011282	516
ENSGMOG00000011315	299
ENSGMOG00000011320	311
ENSGMOG00000001267	15
ENSGMOG00000001281	1544
ENSGMOG00000001325	24
ENSGMOG00000001345	1
ENSGMOG00000001346	78
ENSGMOG00000001356	1843
ENSGMOG00000020534	0
ENSGMOG00000010088	4901
ENSGMOG00000010111	3107
ENSGMOG00000021305	0
ENSGMOG00000010121	9483
ENSGMOG00000010132	12
ENSGMOG00000010158	0
ENSGMOG00000010168	313
ENSGMOG00000004153	1404
ENSGMOG00000004168	1052
ENSGMOG00000004195	8709
ENSGMOG00000004208	1200
ENSGMOG00000004228	508
ENSGMOG00000004242	296
ENSGMOG00000004247	477
ENSGMOG00000004268	135
ENSGMOG00000004292	242
ENSGMOG00000004331	6
ENSGMOG00000004341	18
ENSGMOG00000004369	2824
ENSGMOG00000004403	1961
ENSGMOG00000000778	7
ENSGMOG00000000824	52682
ENSGMOG00000000836	3
ENSGMOG00000000847	2925
ENSGMOG00000000865	472
ENSGMOG00000000888	124
ENSGMOG00000000901	207
ENSGMOG00000000911	5
ENSGMOG00000000925	1678
ENSGMOG00000000962	29
ENSGMOG00000009790	6
ENSGMOG00000009803	1078
ENSGMOG00000009809	2
ENSGMOG00000009813	0
ENSGMOG00000009819	8
ENSGMOG00000009861	0
ENSGMOG00000012748	39
ENSGMOG00000012751	108
ENSGMOG00000012758	1
ENSGMOG00000012765	0
ENSGMOG00000012766	0
ENSGMOG00000012771	244
ENSGMOG00000012776	1
ENSGMOG00000012778	103
ENSGMOG00000012784	21
ENSGMOG00000012789	98
ENSGMOG00000012794	381
ENSGMOG00000012796	14
ENSGMOG00000012801	162
ENSGMOG00000012806	1350
ENSGMOG00000012811	117
ENSGMOG00000012823	36
ENSGMOG00000012829	132
ENSGMOG00000012832	180
ENSGMOG00000012836	293
ENSGMOG00000017050	106
ENSGMOG00000017061	142
ENSGMOG00000017078	678
ENSGMOG00000017101	2199
ENSGMOG00000017127	3
ENSGMOG00000017136	157
ENSGMOG00000017165	0
ENSGMOG00000017174	0
ENSGMOG00000017198	64
ENSGMOG00000017229	20
ENSGMOG00000017265	0
ENSGMOG00000017283	39
ENSGMOG00000017289	534
ENSGMOG00000000485	8
ENSGMOG00000000649	2894
ENSGMOG00000000681	490
ENSGMOG00000000700	1
ENSGMOG00000013746	769
ENSGMOG00000013757	954
ENSGMOG00000013777	0
ENSGMOG00000013809	651
ENSGMOG00000013894	2
ENSGMOG00000013904	28
ENSGMOG00000013918	141
ENSGMOG00000012715	1
ENSGMOG00000012726	5
ENSGMOG00000012730	9
ENSGMOG00000012735	422
ENSGMOG00000012738	114
ENSGMOG00000012756	2
ENSGMOG00000012762	2
ENSGMOG00000009909	1424
ENSGMOG00000009927	9
ENSGMOG00000009934	0
ENSGMOG00000011660	0
ENSGMOG00000011676	1877
ENSGMOG00000011687	105
ENSGMOG00000011698	0
ENSGMOG00000011718	0
ENSGMOG00000011727	2474
ENSGMOG00000011751	38
ENSGMOG00000011774	101
ENSGMOG00000011791	8
ENSGMOG00000011801	0
ENSGMOG00000011806	149
ENSGMOG00000011812	0
ENSGMOG00000008884	118
ENSGMOG00000008892	317
ENSGMOG00000008906	454
ENSGMOG00000008924	1140
ENSGMOG00000008950	250
ENSGMOG00000008967	415
ENSGMOG00000008979	10
ENSGMOG00000008999	573
ENSGMOG00000009017	93
ENSGMOG00000002740	184
ENSGMOG00000013506	92
ENSGMOG00000013535	13
ENSGMOG00000010877	307
ENSGMOG00000010889	174
ENSGMOG00000010901	242
ENSGMOG00000010907	252
ENSGMOG00000020507	14
ENSGMOG00000013708	1219
ENSGMOG00000013763	457
ENSGMOG00000013789	138
ENSGMOG00000013827	1108
ENSGMOG00000013851	6
ENSGMOG00000013860	645
ENSGMOG00000014010	909
ENSGMOG00000014029	332
ENSGMOG00000014044	2334
ENSGMOG00000014070	1249
ENSGMOG00000014130	318
ENSGMOG00000014152	2
ENSGMOG00000018687	1
ENSGMOG00000018769	97
ENSGMOG00000018793	10
ENSGMOG00000018830	0
ENSGMOG00000018847	0
ENSGMOG00000018855	585
ENSGMOG00000018879	174
ENSGMOG00000018887	1850
ENSGMOG00000018897	570
ENSGMOG00000012336	211
ENSGMOG00000012346	329
ENSGMOG00000012355	656
ENSGMOG00000012362	822
ENSGMOG00000012368	760
ENSGMOG00000012370	152
ENSGMOG00000012373	3149
ENSGMOG00000012377	2068
ENSGMOG00000012388	2896
ENSGMOG00000012394	2032
ENSGMOG00000012397	5
ENSGMOG00000012408	5
ENSGMOG00000012410	5681
ENSGMOG00000012411	188
ENSGMOG00000000540	3950
ENSGMOG00000000546	16
ENSGMOG00000000559	12385
ENSGMOG00000012921	100
ENSGMOG00000012925	798
ENSGMOG00000012934	136
ENSGMOG00000012943	371
ENSGMOG00000012951	320
ENSGMOG00000012957	2
ENSGMOG00000012975	0
ENSGMOG00000012981	257
ENSGMOG00000008050	243
ENSGMOG00000008059	9
ENSGMOG00000008060	549
ENSGMOG00000008074	544
ENSGMOG00000008079	443
ENSGMOG00000008087	0
ENSGMOG00000008089	690
ENSGMOG00000008098	0
ENSGMOG00000008103	32
ENSGMOG00000006098	0
ENSGMOG00000006131	1435
ENSGMOG00000006168	1
ENSGMOG00000006179	210
ENSGMOG00000006187	303
ENSGMOG00000006199	101
ENSGMOG00000006215	9
ENSGMOG00000006490	19
ENSGMOG00000006495	10
ENSGMOG00000006510	547
ENSGMOG00000006523	576
ENSGMOG00000006542	1
ENSGMOG00000006579	307
ENSGMOG00000006606	3718
ENSGMOG00000006615	25
ENSGMOG00000006652	0
ENSGMOG00000006656	73
ENSGMOG00000006661	81
ENSGMOG00000012869	4
ENSGMOG00000020470	0
ENSGMOG00000009656	255
ENSGMOG00000009674	0
ENSGMOG00000009688	5
ENSGMOG00000008937	3847
ENSGMOG00000009014	3
ENSGMOG00000009028	0
ENSGMOG00000019870	8
ENSGMOG00000009035	154
ENSGMOG00000009042	17
ENSGMOG00000009071	152
ENSGMOG00000009083	18
ENSGMOG00000009096	130
ENSGMOG00000005213	695
ENSGMOG00000005262	895
ENSGMOG00000005294	401
ENSGMOG00000005315	14
ENSGMOG00000020384	1316
ENSGMOG00000007729	816
ENSGMOG00000007743	451
ENSGMOG00000007746	0
ENSGMOG00000007748	181
ENSGMOG00000007759	815
ENSGMOG00000007764	0
ENSGMOG00000007768	3
ENSGMOG00000007770	1142
ENSGMOG00000007772	2794
ENSGMOG00000007786	56
ENSGMOG00000007788	784
ENSGMOG00000007793	27
ENSGMOG00000001766	7217
ENSGMOG00000001790	176
ENSGMOG00000001808	0
ENSGMOG00000001853	0
ENSGMOG00000001871	7
ENSGMOG00000001893	1
ENSGMOG00000022067	0
ENSGMOG00000001949	514
ENSGMOG00000001970	11437
ENSGMOG00000011313	0
ENSGMOG00000009237	642
ENSGMOG00000009244	119
ENSGMOG00000009281	0
ENSGMOG00000000906	98
ENSGMOG00000000960	245
ENSGMOG00000001002	30327
ENSGMOG00000001015	1013
ENSGMOG00000001036	7484
ENSGMOG00000001047	2429
ENSGMOG00000001061	1723
ENSGMOG00000001106	87
ENSGMOG00000001130	14
ENSGMOG00000001143	1
ENSGMOG00000001158	0
ENSGMOG00000001180	18
ENSGMOG00000000753	11
ENSGMOG00000000776	291
ENSGMOG00000000843	13
ENSGMOG00000000852	187
ENSGMOG00000000866	525
ENSGMOG00000000882	448
ENSGMOG00000000895	263
ENSGMOG00000000910	162
ENSGMOG00000000968	0
ENSGMOG00000000976	11
ENSGMOG00000013578	2
ENSGMOG00000013592	0
ENSGMOG00000006707	1
ENSGMOG00000006725	0
ENSGMOG00000006732	0
ENSGMOG00000006737	124
ENSGMOG00000006752	0
ENSGMOG00000006785	0
ENSGMOG00000006792	2732
ENSGMOG00000006820	11
ENSGMOG00000007072	33
ENSGMOG00000010181	291
ENSGMOG00000010192	20
ENSGMOG00000010209	404
ENSGMOG00000011245	1616
ENSGMOG00000011263	205
ENSGMOG00000011266	243
ENSGMOG00000011288	63
ENSGMOG00000011312	1103
ENSGMOG00000011317	97
ENSGMOG00000001811	204
ENSGMOG00000001819	10
ENSGMOG00000001820	90
ENSGMOG00000001852	14
ENSGMOG00000001890	3208
ENSGMOG00000001922	46
ENSGMOG00000001944	1
ENSGMOG00000001947	1
ENSGMOG00000001956	2
ENSGMOG00000001977	58
ENSGMOG00000004538	3595
ENSGMOG00000004563	117
ENSGMOG00000004584	63
ENSGMOG00000004594	526
ENSGMOG00000004615	89
ENSGMOG00000004624	49
ENSGMOG00000013217	1067
ENSGMOG00000013227	0
ENSGMOG00000019372	513
ENSGMOG00000019455	14121
ENSGMOG00000021567	8
ENSGMOG00000019458	40
ENSGMOG00000019469	0
ENSGMOG00000019475	2
ENSGMOG00000019481	101
ENSGMOG00000019484	146
ENSGMOG00000019488	1277
ENSGMOG00000019492	78
ENSGMOG00000019495	7132
ENSGMOG00000010282	0
ENSGMOG00000007675	1050
ENSGMOG00000007679	0
ENSGMOG00000007683	31
ENSGMOG00000007692	4212
ENSGMOG00000007703	40
ENSGMOG00000007708	0
ENSGMOG00000003266	15
ENSGMOG00000003288	6
ENSGMOG00000018609	6
ENSGMOG00000008595	118862
ENSGMOG00000008617	443
ENSGMOG00000008625	409
ENSGMOG00000008633	0
ENSGMOG00000008640	138
ENSGMOG00000008646	492
ENSGMOG00000008658	71
ENSGMOG00000008674	8
ENSGMOG00000008690	0
ENSGMOG00000008701	19
ENSGMOG00000008719	1380
ENSGMOG00000008740	164
ENSGMOG00000008773	340
ENSGMOG00000008204	8
ENSGMOG00000018871	389
ENSGMOG00000018891	117
ENSGMOG00000018894	11
ENSGMOG00000018903	6920
ENSGMOG00000018912	899
ENSGMOG00000018916	65312
ENSGMOG00000018926	25794
ENSGMOG00000020304	21
ENSGMOG00000001119	28
ENSGMOG00000018709	0
ENSGMOG00000018715	117
ENSGMOG00000018725	1
ENSGMOG00000018730	101
ENSGMOG00000018737	78
ENSGMOG00000018746	170
ENSGMOG00000018754	699
ENSGMOG00000018759	0
ENSGMOG00000018770	276
ENSGMOG00000021602	0
ENSGMOG00000021950	0
ENSGMOG00000021724	0
ENSGMOG00000020840	0
ENSGMOG00000018792	0
ENSGMOG00000018798	0
ENSGMOG00000018819	7
ENSGMOG00000011480	477
ENSGMOG00000011490	1
ENSGMOG00000011498	260
ENSGMOG00000011534	0
ENSGMOG00000011549	625
ENSGMOG00000011591	593
ENSGMOG00000011600	0
ENSGMOG00000011609	0
ENSGMOG00000009836	25
ENSGMOG00000009841	48
ENSGMOG00000009851	1173
ENSGMOG00000009893	1291
ENSGMOG00000009912	110
ENSGMOG00000010780	10
ENSGMOG00000010782	97
ENSGMOG00000006120	739
ENSGMOG00000006159	0
ENSGMOG00000006180	1145
ENSGMOG00000006201	173
ENSGMOG00000006206	1
ENSGMOG00000006221	1540
ENSGMOG00000016529	69
ENSGMOG00000016537	104
ENSGMOG00000016554	595
ENSGMOG00000016575	393
ENSGMOG00000016582	1281
ENSGMOG00000016630	496
ENSGMOG00000016646	7
ENSGMOG00000016657	0
ENSGMOG00000016688	1123
ENSGMOG00000016700	214
ENSGMOG00000016714	3411
ENSGMOG00000016742	427
ENSGMOG00000016755	910
ENSGMOG00000016774	927
ENSGMOG00000016788	1090
ENSGMOG00000016791	148
ENSGMOG00000016821	785
ENSGMOG00000016843	124
ENSGMOG00000016864	111
ENSGMOG00000016876	1
ENSGMOG00000000471	0
ENSGMOG00000000491	0
ENSGMOG00000000527	1630
ENSGMOG00000000535	307
ENSGMOG00000000548	39084
ENSGMOG00000000561	12868
ENSGMOG00000012023	54
ENSGMOG00000012028	5
ENSGMOG00000012041	82
ENSGMOG00000012049	0
ENSGMOG00000012051	248
ENSGMOG00000012057	133
ENSGMOG00000012061	457
ENSGMOG00000012064	941
ENSGMOG00000012068	150
ENSGMOG00000012069	1
ENSGMOG00000012071	1097
ENSGMOG00000020578	405
ENSGMOG00000012076	855
ENSGMOG00000012083	675
ENSGMOG00000020579	0
ENSGMOG00000010565	0
ENSGMOG00000010572	0
ENSGMOG00000020557	0
ENSGMOG00000010580	2
ENSGMOG00000010657	2528
ENSGMOG00000010662	0
ENSGMOG00000010676	0
ENSGMOG00000021661	0
ENSGMOG00000010699	166
ENSGMOG00000010718	10
ENSGMOG00000016158	123
ENSGMOG00000016189	72
ENSGMOG00000016202	227
ENSGMOG00000016255	45
ENSGMOG00000016265	48
ENSGMOG00000016302	5
ENSGMOG00000009691	14
ENSGMOG00000009703	1095
ENSGMOG00000009711	1393
ENSGMOG00000009722	339
ENSGMOG00000009730	127
ENSGMOG00000000378	0
ENSGMOG00000000394	444
ENSGMOG00000000407	4121
ENSGMOG00000000430	14
ENSGMOG00000000448	1
ENSGMOG00000011396	73909
ENSGMOG00000011438	94
ENSGMOG00000011473	225
ENSGMOG00000013923	0
ENSGMOG00000013932	0
ENSGMOG00000013940	0
ENSGMOG00000013952	1192
ENSGMOG00000013980	0
ENSGMOG00000014126	3044
ENSGMOG00000014148	362
ENSGMOG00000014184	6
ENSGMOG00000014197	1184
ENSGMOG00000014222	859
ENSGMOG00000014263	3
ENSGMOG00000014270	668
ENSGMOG00000014284	2
ENSGMOG00000014295	23
ENSGMOG00000014325	2
ENSGMOG00000014358	4825
ENSGMOG00000014394	13
ENSGMOG00000007967	0
ENSGMOG00000007972	2834
ENSGMOG00000007977	10
ENSGMOG00000020661	5
ENSGMOG00000021780	1
ENSGMOG00000021357	0
ENSGMOG00000021774	1
ENSGMOG00000014550	1
ENSGMOG00000014572	153
ENSGMOG00000014599	830
ENSGMOG00000014641	169
ENSGMOG00000020108	149
ENSGMOG00000014658	187
ENSGMOG00000014668	409
ENSGMOG00000014677	343
ENSGMOG00000014694	358
ENSGMOG00000014700	608
ENSGMOG00000014718	657
ENSGMOG00000014731	0
ENSGMOG00000003747	0
ENSGMOG00000019742	35
ENSGMOG00000018228	1
ENSGMOG00000008057	6
ENSGMOG00000008072	0
ENSGMOG00000008075	0
ENSGMOG00000008082	58
ENSGMOG00000008084	292
ENSGMOG00000008092	3617
ENSGMOG00000008102	27229
ENSGMOG00000008106	2948
ENSGMOG00000008109	24
ENSGMOG00000008117	1
ENSGMOG00000008118	0
ENSGMOG00000008121	509
ENSGMOG00000008130	55
ENSGMOG00000008133	661
ENSGMOG00000013696	27
ENSGMOG00000013706	242
ENSGMOG00000013722	65
ENSGMOG00000013731	14
ENSGMOG00000013745	802
ENSGMOG00000013767	114
ENSGMOG00000002351	85
ENSGMOG00000002451	4064
ENSGMOG00000002466	3
ENSGMOG00000002486	83
ENSGMOG00000002500	17
ENSGMOG00000005476	2106
ENSGMOG00000005519	605
ENSGMOG00000005541	0
ENSGMOG00000005558	206
ENSGMOG00000005573	142
ENSGMOG00000005588	54
ENSGMOG00000005592	495
ENSGMOG00000005628	1438
ENSGMOG00000005639	1851
ENSGMOG00000005666	7
ENSGMOG00000005828	2
ENSGMOG00000005849	1228
ENSGMOG00000005881	2821
ENSGMOG00000005903	3
ENSGMOG00000005945	1123
ENSGMOG00000005957	166
ENSGMOG00000005985	178
ENSGMOG00000006016	1835
ENSGMOG00000006074	0
ENSGMOG00000020500	0
ENSGMOG00000013623	0
ENSGMOG00000013635	29
ENSGMOG00000013642	0
ENSGMOG00000020376	144
ENSGMOG00000016565	3
ENSGMOG00000016597	1275
ENSGMOG00000007247	435
ENSGMOG00000007253	259
ENSGMOG00000007254	80
ENSGMOG00000007306	31
ENSGMOG00000007321	261
ENSGMOG00000007331	8
ENSGMOG00000007342	39
ENSGMOG00000007347	0
ENSGMOG00000007349	33
ENSGMOG00000007359	0
ENSGMOG00000007364	0
ENSGMOG00000007372	351
ENSGMOG00000007384	0
ENSGMOG00000007391	165
ENSGMOG00000007401	14
ENSGMOG00000007407	0
ENSGMOG00000003267	143
ENSGMOG00000003307	526
ENSGMOG00000003359	201
ENSGMOG00000015623	129
ENSGMOG00000009325	194
ENSGMOG00000009347	626
ENSGMOG00000009366	1312
ENSGMOG00000009378	976
ENSGMOG00000009390	4041
ENSGMOG00000009395	2638
ENSGMOG00000009448	206
ENSGMOG00000009470	80
ENSGMOG00000018250	0
ENSGMOG00000002772	2
ENSGMOG00000002802	369
ENSGMOG00000002819	559
ENSGMOG00000002835	92
ENSGMOG00000002936	0
ENSGMOG00000002955	62
ENSGMOG00000002966	1254
ENSGMOG00000002988	758
ENSGMOG00000003017	501
ENSGMOG00000003060	550
ENSGMOG00000003088	109
ENSGMOG00000018124	833
ENSGMOG00000018134	531
ENSGMOG00000018149	666
ENSGMOG00000018159	151
ENSGMOG00000005318	408
ENSGMOG00000005351	590
ENSGMOG00000005363	263
ENSGMOG00000005376	0
ENSGMOG00000005385	327
ENSGMOG00000005404	0
ENSGMOG00000020439	0
ENSGMOG00000005427	0
ENSGMOG00000005435	46
ENSGMOG00000005504	239
ENSGMOG00000005534	369
ENSGMOG00000005553	311
ENSGMOG00000005578	350
ENSGMOG00000005621	116
ENSGMOG00000013554	3
ENSGMOG00000020633	0
ENSGMOG00000012206	2
ENSGMOG00000012210	1731
ENSGMOG00000012213	1
ENSGMOG00000012224	102
ENSGMOG00000012229	542
ENSGMOG00000012235	4862
ENSGMOG00000012239	19063
ENSGMOG00000012244	60267
ENSGMOG00000012250	0
ENSGMOG00000012254	2
ENSGMOG00000012261	52
ENSGMOG00000012264	576
ENSGMOG00000012266	242
ENSGMOG00000005547	0
ENSGMOG00000021930	0
ENSGMOG00000009333	0
ENSGMOG00000009338	714
ENSGMOG00000009344	269
ENSGMOG00000009357	243
ENSGMOG00000009364	3066
ENSGMOG00000011177	0
ENSGMOG00000011181	1158
ENSGMOG00000011188	1138
ENSGMOG00000011197	748
ENSGMOG00000011207	1975
ENSGMOG00000011217	963
ENSGMOG00000020134	0
ENSGMOG00000011231	1432
ENSGMOG00000011502	7
ENSGMOG00000021409	3
ENSGMOG00000018226	1779
ENSGMOG00000018244	0
ENSGMOG00000018256	3
ENSGMOG00000018276	242
ENSGMOG00000018305	779
ENSGMOG00000018330	186
ENSGMOG00000018341	6
ENSGMOG00000013394	0
ENSGMOG00000013404	11
ENSGMOG00000021126	0
ENSGMOG00000013476	370
ENSGMOG00000020979	0
ENSGMOG00000013489	10
ENSGMOG00000013495	28
ENSGMOG00000010670	16
ENSGMOG00000010685	1676
ENSGMOG00000010704	1
ENSGMOG00000010713	14
ENSGMOG00000010729	13
ENSGMOG00000000742	1234
ENSGMOG00000000772	504
ENSGMOG00000000796	788
ENSGMOG00000000853	1949
ENSGMOG00000000900	3507
ENSGMOG00000000918	2
ENSGMOG00000019119	190
ENSGMOG00000019130	2998
ENSGMOG00000005320	6
ENSGMOG00000020440	191
ENSGMOG00000005325	1465
ENSGMOG00000005341	1091
ENSGMOG00000005399	1051
ENSGMOG00000005413	290
ENSGMOG00000005455	0
ENSGMOG00000005461	2
ENSGMOG00000019876	14
ENSGMOG00000009176	0
ENSGMOG00000009189	0
ENSGMOG00000009196	49
ENSGMOG00000009205	500
ENSGMOG00000005494	0
ENSGMOG00000018580	16
ENSGMOG00000018588	872
ENSGMOG00000018607	0
ENSGMOG00000017386	0
ENSGMOG00000015829	306
ENSGMOG00000015886	1341
ENSGMOG00000015921	5760
ENSGMOG00000015962	66577
ENSGMOG00000020663	0
ENSGMOG00000016183	235108
ENSGMOG00000020777	11
ENSGMOG00000016205	4
ENSGMOG00000016223	0
ENSGMOG00000016237	0
ENSGMOG00000000059	36
ENSGMOG00000000073	185
ENSGMOG00000000096	233
ENSGMOG00000000100	299
ENSGMOG00000000106	0
ENSGMOG00000000109	2
ENSGMOG00000000112	598
ENSGMOG00000014650	6728
ENSGMOG00000011182	0
ENSGMOG00000011185	33
ENSGMOG00000006503	148
ENSGMOG00000006522	191
ENSGMOG00000006541	401
ENSGMOG00000006546	433
ENSGMOG00000006555	2575
ENSGMOG00000006571	615
ENSGMOG00000006610	0
ENSGMOG00000006619	0
ENSGMOG00000006627	352
ENSGMOG00000006640	18
ENSGMOG00000006729	1
ENSGMOG00000006750	40
ENSGMOG00000021574	4
ENSGMOG00000016103	50
ENSGMOG00000016166	1549
ENSGMOG00000016251	321
ENSGMOG00000016524	2
ENSGMOG00000016623	27
ENSGMOG00000014192	23228
ENSGMOG00000014202	229
ENSGMOG00000014242	3631
ENSGMOG00000021082	2
ENSGMOG00000014264	12
ENSGMOG00000014300	58
ENSGMOG00000014322	17
ENSGMOG00000014380	12
ENSGMOG00000014401	5370
ENSGMOG00000014428	169
ENSGMOG00000009827	192
ENSGMOG00000009847	20
ENSGMOG00000009865	3710
ENSGMOG00000019633	55
ENSGMOG00000019642	4037
ENSGMOG00000019644	9890
ENSGMOG00000019647	556
ENSGMOG00000019649	28131
ENSGMOG00000019652	431
ENSGMOG00000000046	210
ENSGMOG00000000053	1010
ENSGMOG00000000056	1616
ENSGMOG00000000062	3
ENSGMOG00000000065	527
ENSGMOG00000000071	4558
ENSGMOG00000019036	0
ENSGMOG00000019043	7
ENSGMOG00000019064	429
ENSGMOG00000019069	459
ENSGMOG00000019075	185
ENSGMOG00000019090	3
ENSGMOG00000019096	4
ENSGMOG00000019101	13
ENSGMOG00000019112	201
ENSGMOG00000019123	4
ENSGMOG00000019128	3
ENSGMOG00000007760	3005
ENSGMOG00000007774	68
ENSGMOG00000007789	541
ENSGMOG00000007794	196
ENSGMOG00000007796	2334
ENSGMOG00000007803	211
ENSGMOG00000007804	52
ENSGMOG00000007811	7
ENSGMOG00000007814	493
ENSGMOG00000003036	326
ENSGMOG00000003079	854
ENSGMOG00000003089	747
ENSGMOG00000018752	19350
ENSGMOG00000020299	243
ENSGMOG00000018757	330
ENSGMOG00000018772	560
ENSGMOG00000018796	59
ENSGMOG00000018800	853
ENSGMOG00000019037	218
ENSGMOG00000020300	0
ENSGMOG00000019047	319
ENSGMOG00000019063	881
ENSGMOG00000015560	0
ENSGMOG00000015586	175
ENSGMOG00000015604	353
ENSGMOG00000015669	430
ENSGMOG00000015727	947
ENSGMOG00000015795	1218
ENSGMOG00000015807	1185
ENSGMOG00000015823	76
ENSGMOG00000015867	0
ENSGMOG00000015898	168
ENSGMOG00000014089	2673
ENSGMOG00000014131	212
ENSGMOG00000014157	8
ENSGMOG00000005299	0
ENSGMOG00000020438	0
ENSGMOG00000020852	0
ENSGMOG00000008765	4
ENSGMOG00000008799	0
ENSGMOG00000015728	51
ENSGMOG00000015826	4
ENSGMOG00000001923	11
ENSGMOG00000001967	1399
ENSGMOG00000005331	23
ENSGMOG00000005386	12
ENSGMOG00000005443	160
ENSGMOG00000005456	2197
ENSGMOG00000005497	1441
ENSGMOG00000005525	320
ENSGMOG00000005586	7814
ENSGMOG00000005612	655
ENSGMOG00000005641	0
ENSGMOG00000005678	6
ENSGMOG00000005731	262
ENSGMOG00000005742	661
ENSGMOG00000005766	1447
ENSGMOG00000005783	3999
ENSGMOG00000005832	2123
ENSGMOG00000020441	1099
ENSGMOG00000006438	1147
ENSGMOG00000012725	346
ENSGMOG00000012729	916
ENSGMOG00000012742	109
ENSGMOG00000012755	390
ENSGMOG00000012760	0
ENSGMOG00000012764	0
ENSGMOG00000011835	16526
ENSGMOG00000020567	893
ENSGMOG00000011839	65
ENSGMOG00000012121	3
ENSGMOG00000012123	12938
ENSGMOG00000012126	4549
ENSGMOG00000012131	2041
ENSGMOG00000012134	671
ENSGMOG00000012145	989
ENSGMOG00000012148	9
ENSGMOG00000016159	13
ENSGMOG00000016180	164
ENSGMOG00000016193	55
ENSGMOG00000016207	1492
ENSGMOG00000016247	213
ENSGMOG00000016267	170
ENSGMOG00000016275	4965
ENSGMOG00000016291	30
ENSGMOG00000016305	242
ENSGMOG00000016328	5696
ENSGMOG00000016364	2
ENSGMOG00000016385	186
ENSGMOG00000016400	217
ENSGMOG00000016412	23447
ENSGMOG00000015415	140
ENSGMOG00000015437	4
ENSGMOG00000015448	103
ENSGMOG00000012301	269
ENSGMOG00000012311	1151
ENSGMOG00000012314	460
ENSGMOG00000012318	227
ENSGMOG00000012327	68
ENSGMOG00000012329	20
ENSGMOG00000012333	0
ENSGMOG00000011051	325
ENSGMOG00000011102	5
ENSGMOG00000003186	99
ENSGMOG00000003210	22
ENSGMOG00000003233	554
ENSGMOG00000003273	1928
ENSGMOG00000003289	262
ENSGMOG00000003301	5
ENSGMOG00000003309	184
ENSGMOG00000003341	0
ENSGMOG00000003348	1886
ENSGMOG00000019702	49
ENSGMOG00000003402	1751
ENSGMOG00000003434	3112
ENSGMOG00000003447	323
ENSGMOG00000003468	536
ENSGMOG00000003487	123
ENSGMOG00000003540	227
ENSGMOG00000011823	521
ENSGMOG00000011831	7
ENSGMOG00000011881	134
ENSGMOG00000011901	98
ENSGMOG00000020565	5
ENSGMOG00000020566	43
ENSGMOG00000006094	235
ENSGMOG00000006106	762
ENSGMOG00000006119	7
ENSGMOG00000006142	828
ENSGMOG00000013011	5018
ENSGMOG00000013022	4
ENSGMOG00000013032	2450
ENSGMOG00000013073	50882
ENSGMOG00000013104	570
ENSGMOG00000013116	54
ENSGMOG00000021423	0
ENSGMOG00000013127	18741
ENSGMOG00000013140	13935
ENSGMOG00000016678	0
ENSGMOG00000016697	39
ENSGMOG00000016822	1802
ENSGMOG00000016618	81
ENSGMOG00000016641	391
ENSGMOG00000016653	212
ENSGMOG00000016681	13
ENSGMOG00000021187	0
ENSGMOG00000016728	39
ENSGMOG00000013008	63
ENSGMOG00000013024	280
ENSGMOG00000013050	20323
ENSGMOG00000013057	168
ENSGMOG00000013079	356
ENSGMOG00000013095	154
ENSGMOG00000013110	0
ENSGMOG00000013113	2728
ENSGMOG00000013134	254
ENSGMOG00000013138	477
ENSGMOG00000013149	313
ENSGMOG00000013176	2
ENSGMOG00000013739	574
ENSGMOG00000013758	1
ENSGMOG00000013773	17
ENSGMOG00000013782	594
ENSGMOG00000013805	145
ENSGMOG00000013836	24690
ENSGMOG00000013875	137
ENSGMOG00000013910	0
ENSGMOG00000012949	0
ENSGMOG00000016421	0
ENSGMOG00000016440	3
ENSGMOG00000016448	394
ENSGMOG00000011360	1
ENSGMOG00000011365	11533
ENSGMOG00000011371	453
ENSGMOG00000019977	34
ENSGMOG00000001506	1
ENSGMOG00000001546	2718
ENSGMOG00000001563	401
ENSGMOG00000001578	0
ENSGMOG00000001588	0
ENSGMOG00000001595	141
ENSGMOG00000001619	1822
ENSGMOG00000001645	116
ENSGMOG00000001678	24
ENSGMOG00000001692	252
ENSGMOG00000008291	3
ENSGMOG00000008293	28
ENSGMOG00000008302	983
ENSGMOG00000008307	232
ENSGMOG00000008309	0
ENSGMOG00000008310	479
ENSGMOG00000008312	1255
ENSGMOG00000008315	1040
ENSGMOG00000008318	118
ENSGMOG00000008320	37
ENSGMOG00000012820	176
ENSGMOG00000012822	27
ENSGMOG00000012837	9
ENSGMOG00000012842	0
ENSGMOG00000007054	303
ENSGMOG00000007075	24019
ENSGMOG00000007090	2
ENSGMOG00000007099	43
ENSGMOG00000007108	168
ENSGMOG00000007124	30
ENSGMOG00000007133	6
ENSGMOG00000007146	901
ENSGMOG00000007155	1
ENSGMOG00000010345	5
ENSGMOG00000010368	0
ENSGMOG00000010377	92
ENSGMOG00000010402	106
ENSGMOG00000018896	1095
ENSGMOG00000018930	320
ENSGMOG00000018934	32
ENSGMOG00000018941	34
ENSGMOG00000018951	3125
ENSGMOG00000018958	72
ENSGMOG00000018968	2
ENSGMOG00000018974	548
ENSGMOG00000016474	213
ENSGMOG00000016757	0
ENSGMOG00000014273	33
ENSGMOG00000014326	968
ENSGMOG00000014351	15
ENSGMOG00000015340	218
ENSGMOG00000015356	938
ENSGMOG00000015367	7
ENSGMOG00000015467	1
ENSGMOG00000008874	180
ENSGMOG00000008911	224
ENSGMOG00000008963	189
ENSGMOG00000008989	0
ENSGMOG00000009005	1333
ENSGMOG00000009021	2274
ENSGMOG00000009046	2
ENSGMOG00000009050	346
ENSGMOG00000009067	1260
ENSGMOG00000020981	8
ENSGMOG00000015971	890
ENSGMOG00000019462	1975
ENSGMOG00000019473	324
ENSGMOG00000013115	30
ENSGMOG00000020483	175
ENSGMOG00000013250	3
ENSGMOG00000013256	933
ENSGMOG00000013316	129
ENSGMOG00000013367	1090
ENSGMOG00000013377	464
ENSGMOG00000013385	2070
ENSGMOG00000013396	0
ENSGMOG00000013400	640
ENSGMOG00000013426	1103
ENSGMOG00000013446	4200
ENSGMOG00000010278	10
ENSGMOG00000010284	1
ENSGMOG00000010289	1453
ENSGMOG00000010319	34
ENSGMOG00000014577	0
ENSGMOG00000014610	0
ENSGMOG00000014876	650
ENSGMOG00000014935	1713
ENSGMOG00000014967	2
ENSGMOG00000014979	610
ENSGMOG00000015005	94
ENSGMOG00000015056	324
ENSGMOG00000015081	1004
ENSGMOG00000015099	463
ENSGMOG00000015115	10738
ENSGMOG00000015131	5
ENSGMOG00000015146	4194
ENSGMOG00000015170	1395
ENSGMOG00000015191	2
ENSGMOG00000005745	2041
ENSGMOG00000005758	224
ENSGMOG00000005782	283
ENSGMOG00000005789	15
ENSGMOG00000005798	68
ENSGMOG00000005814	1120
ENSGMOG00000005837	1739
ENSGMOG00000005877	660
ENSGMOG00000005904	3068
ENSGMOG00000005920	12
ENSGMOG00000007530	559
ENSGMOG00000007534	377
ENSGMOG00000007541	3063
ENSGMOG00000007556	1177
ENSGMOG00000007563	425
ENSGMOG00000007581	22339
ENSGMOG00000007586	1393
ENSGMOG00000007592	1795
ENSGMOG00000007599	152
ENSGMOG00000007606	252
ENSGMOG00000007619	714
ENSGMOG00000007624	2159
ENSGMOG00000007633	107
ENSGMOG00000007640	55
ENSGMOG00000008795	2
ENSGMOG00000008808	5
ENSGMOG00000008820	31
ENSGMOG00000008824	1
ENSGMOG00000006554	4
ENSGMOG00000006584	2702
ENSGMOG00000006596	0
ENSGMOG00000017459	27
ENSGMOG00000019825	45
ENSGMOG00000017476	61
ENSGMOG00000017490	0
ENSGMOG00000017496	113
ENSGMOG00000017510	1527
ENSGMOG00000017518	45
ENSGMOG00000019826	56
ENSGMOG00000017528	20
ENSGMOG00000014631	0
ENSGMOG00000014659	295
ENSGMOG00000014669	2555
ENSGMOG00000014680	448
ENSGMOG00000014763	14
ENSGMOG00000019899	12
ENSGMOG00000006714	1
ENSGMOG00000006764	1549
ENSGMOG00000006769	0
ENSGMOG00000020301	413
ENSGMOG00000018765	63
ENSGMOG00000002249	3129
ENSGMOG00000002322	610
ENSGMOG00000002365	69
ENSGMOG00000002395	7
ENSGMOG00000002414	3241
ENSGMOG00000013895	48
ENSGMOG00000013908	204
ENSGMOG00000013921	347
ENSGMOG00000013933	1033
ENSGMOG00000013948	140
ENSGMOG00000013965	175
ENSGMOG00000014060	2
ENSGMOG00000017866	2254
ENSGMOG00000017881	2
ENSGMOG00000017900	416
ENSGMOG00000010667	54
ENSGMOG00000010674	1083
ENSGMOG00000010711	243
ENSGMOG00000010730	1216
ENSGMOG00000010764	3
ENSGMOG00000010787	0
ENSGMOG00000010792	0
ENSGMOG00000010797	3
ENSGMOG00000010810	43
ENSGMOG00000007096	494
ENSGMOG00000007102	364
ENSGMOG00000007107	163
ENSGMOG00000020341	43
ENSGMOG00000007129	1049
ENSGMOG00000007137	1817
ENSGMOG00000007145	142
ENSGMOG00000007151	375
ENSGMOG00000007064	1
ENSGMOG00000007066	1842
ENSGMOG00000020338	158
ENSGMOG00000007076	0
ENSGMOG00000007092	1385
ENSGMOG00000007097	1
ENSGMOG00000015478	0
ENSGMOG00000015487	24
ENSGMOG00000015613	211
ENSGMOG00000011931	185
ENSGMOG00000011949	584
ENSGMOG00000011960	0
ENSGMOG00000012008	0
ENSGMOG00000012031	0
ENSGMOG00000012038	20
ENSGMOG00000016167	0
ENSGMOG00000009848	2737
ENSGMOG00000009858	11845
ENSGMOG00000009868	355
ENSGMOG00000009874	4251
ENSGMOG00000009892	583
ENSGMOG00000009900	902
ENSGMOG00000009932	11858
ENSGMOG00000012718	334
ENSGMOG00000012722	11
ENSGMOG00000012731	7941
ENSGMOG00000012741	183
ENSGMOG00000012747	503
ENSGMOG00000012754	0
ENSGMOG00000012759	125
ENSGMOG00000018558	2684
ENSGMOG00000011889	3
ENSGMOG00000011894	1195
ENSGMOG00000011922	17
ENSGMOG00000011935	1996
ENSGMOG00000011940	4
ENSGMOG00000011952	2789
ENSGMOG00000011954	365
ENSGMOG00000011961	0
ENSGMOG00000011963	332
ENSGMOG00000011972	10
ENSGMOG00000019971	0
ENSGMOG00000001471	39
ENSGMOG00000001483	6
ENSGMOG00000001498	136
ENSGMOG00000001510	154
ENSGMOG00000001531	752
ENSGMOG00000001567	266
ENSGMOG00000001612	2283
ENSGMOG00000001626	4
ENSGMOG00000012692	65
ENSGMOG00000012698	2
ENSGMOG00000012707	3
ENSGMOG00000003147	181
ENSGMOG00000003200	279
ENSGMOG00000003208	1215
ENSGMOG00000003224	5
ENSGMOG00000003240	994
ENSGMOG00000003304	1420
ENSGMOG00000020379	7
ENSGMOG00000007544	453
ENSGMOG00000007545	6573
ENSGMOG00000003004	0
ENSGMOG00000003048	1
ENSGMOG00000005460	1
ENSGMOG00000018016	0
ENSGMOG00000018019	0
ENSGMOG00000018058	251
ENSGMOG00000018066	1433
ENSGMOG00000020756	5
ENSGMOG00000018125	201
ENSGMOG00000020129	0
ENSGMOG00000011016	126
ENSGMOG00000011027	186
ENSGMOG00000011036	296
ENSGMOG00000016318	515
ENSGMOG00000016343	9
ENSGMOG00000016361	0
ENSGMOG00000016392	240
ENSGMOG00000016419	40
ENSGMOG00000016465	1
ENSGMOG00000002142	3015
ENSGMOG00000002152	459
ENSGMOG00000002192	1702
ENSGMOG00000002201	3
ENSGMOG00000002230	2010
ENSGMOG00000002324	637
ENSGMOG00000002377	939
ENSGMOG00000002422	0
ENSGMOG00000018010	159
ENSGMOG00000018021	59
ENSGMOG00000018025	218
ENSGMOG00000009956	0
ENSGMOG00000009967	1044
ENSGMOG00000009977	699
ENSGMOG00000009999	540
ENSGMOG00000010007	792
ENSGMOG00000010014	270
ENSGMOG00000010025	1044
ENSGMOG00000010036	414
ENSGMOG00000010061	300
ENSGMOG00000010081	3
ENSGMOG00000010085	67
ENSGMOG00000022045	0
ENSGMOG00000000460	6
ENSGMOG00000000517	110
ENSGMOG00000009400	0
ENSGMOG00000000682	806
ENSGMOG00000000701	9
ENSGMOG00000000708	11
ENSGMOG00000000721	1076
ENSGMOG00000006492	848
ENSGMOG00000006533	181
ENSGMOG00000006552	137
ENSGMOG00000006560	219
ENSGMOG00000006570	479
ENSGMOG00000006580	685
ENSGMOG00000006587	46
ENSGMOG00000006595	1527
ENSGMOG00000006613	1213
ENSGMOG00000006624	1
ENSGMOG00000006628	106
ENSGMOG00000006645	5
ENSGMOG00000006655	5183
ENSGMOG00000013010	3566
ENSGMOG00000013025	14
ENSGMOG00000013033	739
ENSGMOG00000013053	1
ENSGMOG00000013064	5
ENSGMOG00000013087	130
ENSGMOG00000013103	1
ENSGMOG00000013120	1008
ENSGMOG00000013142	2743
ENSGMOG00000013159	378
ENSGMOG00000013174	1074
ENSGMOG00000013202	149
ENSGMOG00000015647	47
ENSGMOG00000015697	120
ENSGMOG00000015714	0
ENSGMOG00000000254	397
ENSGMOG00000000317	148
ENSGMOG00000000326	4321
ENSGMOG00000000330	0
ENSGMOG00000000334	0
ENSGMOG00000000337	1096
ENSGMOG00000000347	738
ENSGMOG00000011628	1404
ENSGMOG00000011636	412
ENSGMOG00000011681	515
ENSGMOG00000011694	0
ENSGMOG00000011699	0
ENSGMOG00000020157	530
ENSGMOG00000011700	52
ENSGMOG00000011715	285
ENSGMOG00000015380	203
ENSGMOG00000015394	582
ENSGMOG00000015414	8539
ENSGMOG00000015442	181
ENSGMOG00000015507	354
ENSGMOG00000015525	1564
ENSGMOG00000003073	14
ENSGMOG00000013319	8
ENSGMOG00000013332	12
ENSGMOG00000006687	112
ENSGMOG00000006715	65
ENSGMOG00000006722	0
ENSGMOG00000000356	228
ENSGMOG00000002006	34012
ENSGMOG00000004427	2814
ENSGMOG00000004468	690
ENSGMOG00000004478	586
ENSGMOG00000004485	1620
ENSGMOG00000004547	0
ENSGMOG00000015427	0
ENSGMOG00000015446	7
ENSGMOG00000015464	6
ENSGMOG00000015519	149
ENSGMOG00000015523	0
ENSGMOG00000015533	0
ENSGMOG00000015540	1966
ENSGMOG00000015570	142
ENSGMOG00000012916	0
ENSGMOG00000012928	6
ENSGMOG00000012937	174
ENSGMOG00000020475	12
ENSGMOG00000012941	825
ENSGMOG00000012995	0
ENSGMOG00000013004	0
ENSGMOG00000013006	0
ENSGMOG00000013021	23
ENSGMOG00000003820	9
ENSGMOG00000020023	0
ENSGMOG00000021690	0
ENSGMOG00000003826	53
ENSGMOG00000003838	174
ENSGMOG00000003862	40
ENSGMOG00000003876	550
ENSGMOG00000003905	244
ENSGMOG00000003922	1255
ENSGMOG00000003942	41
ENSGMOG00000003946	28
ENSGMOG00000003969	933
ENSGMOG00000004006	44
ENSGMOG00000004020	8789
ENSGMOG00000004056	11985
ENSGMOG00000016689	18
ENSGMOG00000016695	3
ENSGMOG00000016740	0
ENSGMOG00000012727	3756
ENSGMOG00000012733	582
ENSGMOG00000012737	1425
ENSGMOG00000012740	1
ENSGMOG00000012752	7
ENSGMOG00000012792	1245
ENSGMOG00000001265	736
ENSGMOG00000001323	894
ENSGMOG00000001338	196
ENSGMOG00000001347	55
ENSGMOG00000001361	274
ENSGMOG00000001388	120
ENSGMOG00000001411	88
ENSGMOG00000017524	2139
ENSGMOG00000017552	14
ENSGMOG00000017563	55
ENSGMOG00000021634	3
ENSGMOG00000017570	203
ENSGMOG00000017822	261
ENSGMOG00000017844	500
ENSGMOG00000017857	1095
ENSGMOG00000017878	1112
ENSGMOG00000017895	777
ENSGMOG00000017917	4
ENSGMOG00000017934	0
ENSGMOG00000017966	148
ENSGMOG00000017978	78
ENSGMOG00000019350	2913
ENSGMOG00000019352	42
ENSGMOG00000019355	0
ENSGMOG00000019363	46
ENSGMOG00000019364	210
ENSGMOG00000019366	2
ENSGMOG00000011392	272
ENSGMOG00000011399	729
ENSGMOG00000011414	54
ENSGMOG00000011425	385
ENSGMOG00000011460	0
ENSGMOG00000011471	600
ENSGMOG00000003398	296
ENSGMOG00000003415	157
ENSGMOG00000003443	570
ENSGMOG00000005149	2127
ENSGMOG00000005191	2
ENSGMOG00000005200	551
ENSGMOG00000005215	11526
ENSGMOG00000005241	871
ENSGMOG00000005254	17
ENSGMOG00000005286	13901
ENSGMOG00000005297	151
ENSGMOG00000005314	1422
ENSGMOG00000021238	1
ENSGMOG00000005328	4
ENSGMOG00000005340	2258
ENSGMOG00000005350	489
ENSGMOG00000018092	2232
ENSGMOG00000021748	0
ENSGMOG00000004333	1166
ENSGMOG00000004372	12466
ENSGMOG00000004407	86
ENSGMOG00000004431	104
ENSGMOG00000004467	1535
ENSGMOG00000014182	0
ENSGMOG00000014239	0
ENSGMOG00000014252	0
ENSGMOG00000014267	26
ENSGMOG00000014310	302
ENSGMOG00000020091	60
ENSGMOG00000014329	650
ENSGMOG00000014347	572
ENSGMOG00000014367	432
ENSGMOG00000014375	1546
ENSGMOG00000014384	1005
ENSGMOG00000014409	34
ENSGMOG00000014431	0
ENSGMOG00000014457	351
ENSGMOG00000014471	167
ENSGMOG00000014524	969
ENSGMOG00000014559	52
ENSGMOG00000003437	268
ENSGMOG00000003501	253
ENSGMOG00000003518	292
ENSGMOG00000003528	79
ENSGMOG00000003541	0
ENSGMOG00000003553	71
ENSGMOG00000003574	185
ENSGMOG00000003600	232
ENSGMOG00000003650	128
ENSGMOG00000004181	783
ENSGMOG00000004213	38
ENSGMOG00000004395	37
ENSGMOG00000004414	2
ENSGMOG00000004428	0
ENSGMOG00000004493	843
ENSGMOG00000004510	1
ENSGMOG00000013889	7
ENSGMOG00000013914	4210
ENSGMOG00000013941	442
ENSGMOG00000013949	225
ENSGMOG00000013955	170
ENSGMOG00000013976	35
ENSGMOG00000014016	313
ENSGMOG00000014061	3
ENSGMOG00000014104	0
ENSGMOG00000014158	0
ENSGMOG00000019708	0
ENSGMOG00000019709	3
ENSGMOG00000019710	0
ENSGMOG00000019711	4
ENSGMOG00000003270	3
ENSGMOG00000003292	7
ENSGMOG00000019712	41
ENSGMOG00000019713	3
ENSGMOG00000003296	0
ENSGMOG00000003303	21
ENSGMOG00000003322	134
ENSGMOG00000003334	358
ENSGMOG00000003340	635
ENSGMOG00000003365	127
ENSGMOG00000003397	1222
ENSGMOG00000003414	277
ENSGMOG00000003467	0
ENSGMOG00000003474	551
ENSGMOG00000003484	241
ENSGMOG00000003492	540
ENSGMOG00000003514	249
ENSGMOG00000003521	19
ENSGMOG00000019270	839
ENSGMOG00000019276	390
ENSGMOG00000019286	386
ENSGMOG00000019294	1228
ENSGMOG00000019301	690
ENSGMOG00000019310	352
ENSGMOG00000019317	460
ENSGMOG00000019321	96158
ENSGMOG00000019329	3578
ENSGMOG00000011345	1
ENSGMOG00000011357	0
ENSGMOG00000009427	2056
ENSGMOG00000001205	144
ENSGMOG00000014586	3722
ENSGMOG00000014739	13801
ENSGMOG00000014857	542
ENSGMOG00000014877	2196
ENSGMOG00000015003	1645
ENSGMOG00000015035	32
ENSGMOG00000015049	0
ENSGMOG00000015067	0
ENSGMOG00000015075	2141
ENSGMOG00000015161	586
ENSGMOG00000015192	403
ENSGMOG00000015204	13
ENSGMOG00000015233	1271
ENSGMOG00000015264	2482
ENSGMOG00000015305	145
ENSGMOG00000015337	330
ENSGMOG00000015235	1
ENSGMOG00000010357	754
ENSGMOG00000010367	45
ENSGMOG00000010372	130
ENSGMOG00000010389	265
ENSGMOG00000010411	4359
ENSGMOG00000010425	919
ENSGMOG00000004816	280
ENSGMOG00000005108	2
ENSGMOG00000005124	136
ENSGMOG00000005146	2
ENSGMOG00000005160	10
ENSGMOG00000014204	0
ENSGMOG00000014210	207
ENSGMOG00000014224	6021
ENSGMOG00000014245	127
ENSGMOG00000020093	9
ENSGMOG00000014277	2867
ENSGMOG00000014340	0
ENSGMOG00000002108	41
ENSGMOG00000002124	3430
ENSGMOG00000002137	140
ENSGMOG00000002147	3
ENSGMOG00000008081	84
ENSGMOG00000008083	400
ENSGMOG00000008085	0
ENSGMOG00000019002	1
ENSGMOG00000019009	510
ENSGMOG00000019014	927
ENSGMOG00000019082	0
ENSGMOG00000019091	69
ENSGMOG00000019097	1796
ENSGMOG00000019108	3720
ENSGMOG00000019113	2034
ENSGMOG00000019124	302
ENSGMOG00000019129	1563
ENSGMOG00000019155	1197
ENSGMOG00000019170	201
ENSGMOG00000019172	799
ENSGMOG00000019178	602
ENSGMOG00000019189	185
ENSGMOG00000019191	174
ENSGMOG00000019216	1412
ENSGMOG00000007905	6
ENSGMOG00000007919	28973
ENSGMOG00000007927	693
ENSGMOG00000007941	5403
ENSGMOG00000007947	258
ENSGMOG00000007962	35
ENSGMOG00000008952	98
ENSGMOG00000008960	158
ENSGMOG00000008973	1430
ENSGMOG00000008981	246
ENSGMOG00000008991	78
ENSGMOG00000009126	0
ENSGMOG00000009136	78167
ENSGMOG00000021694	26
ENSGMOG00000021942	11
ENSGMOG00000020851	16
ENSGMOG00000021141	7
ENSGMOG00000009149	2682
ENSGMOG00000009162	811
ENSGMOG00000009182	327
ENSGMOG00000009192	21617
ENSGMOG00000009197	1667
ENSGMOG00000009217	380
ENSGMOG00000009233	466
ENSGMOG00000009245	20
ENSGMOG00000009250	0
ENSGMOG00000000609	3437
ENSGMOG00000000663	176
ENSGMOG00000000695	6271
ENSGMOG00000000736	2380
ENSGMOG00000000751	585
ENSGMOG00000000770	0
ENSGMOG00000000783	483
ENSGMOG00000000809	69
ENSGMOG00000000829	2
ENSGMOG00000000848	0
ENSGMOG00000001693	0
ENSGMOG00000001704	324
ENSGMOG00000005796	6
ENSGMOG00000022048	0
ENSGMOG00000020214	5932
ENSGMOG00000005815	1564
ENSGMOG00000005829	120
ENSGMOG00000005856	50
ENSGMOG00000005874	0
ENSGMOG00000005886	924
ENSGMOG00000005927	105
ENSGMOG00000005944	1
ENSGMOG00000005952	5
ENSGMOG00000005963	551
ENSGMOG00000005967	110
ENSGMOG00000005975	832
ENSGMOG00000005987	53
ENSGMOG00000006004	158
ENSGMOG00000015760	722
ENSGMOG00000015797	1115
ENSGMOG00000015838	442
ENSGMOG00000015991	12
ENSGMOG00000016049	63
ENSGMOG00000015163	1154
ENSGMOG00000019333	0
ENSGMOG00000013304	0
ENSGMOG00000013314	71
ENSGMOG00000013340	0
ENSGMOG00000020491	459
ENSGMOG00000013358	820
ENSGMOG00000013376	1432
ENSGMOG00000010384	570
ENSGMOG00000017812	27
ENSGMOG00000003016	19
ENSGMOG00000020212	63
ENSGMOG00000003280	75
ENSGMOG00000003312	87
ENSGMOG00000003338	9
ENSGMOG00000003357	314
ENSGMOG00000003371	0
ENSGMOG00000009828	470
ENSGMOG00000000893	72
ENSGMOG00000000912	1776
ENSGMOG00000000935	446
ENSGMOG00000000974	2904
ENSGMOG00000001001	487
ENSGMOG00000001014	1191
ENSGMOG00000001026	941
ENSGMOG00000014474	8
ENSGMOG00000014482	603
ENSGMOG00000014527	211
ENSGMOG00000014539	17
ENSGMOG00000014556	100
ENSGMOG00000011074	236
ENSGMOG00000011084	4
ENSGMOG00000011096	5231
ENSGMOG00000011142	15
ENSGMOG00000011187	2
ENSGMOG00000011205	2
ENSGMOG00000020131	91
ENSGMOG00000011223	1830
ENSGMOG00000003408	1791
ENSGMOG00000019725	0
ENSGMOG00000000640	0
ENSGMOG00000000647	216
ENSGMOG00000007019	0
ENSGMOG00000003082	643
ENSGMOG00000020659	4
ENSGMOG00000003166	2279
ENSGMOG00000015860	0
ENSGMOG00000015872	65
ENSGMOG00000015884	194
ENSGMOG00000020325	29
ENSGMOG00000015914	2
ENSGMOG00000015933	639
ENSGMOG00000015936	651
ENSGMOG00000021923	5
ENSGMOG00000015943	337
ENSGMOG00000015969	288
ENSGMOG00000015980	5
ENSGMOG00000001574	236
ENSGMOG00000001591	438
ENSGMOG00000001641	3
ENSGMOG00000001657	3
ENSGMOG00000001674	1782
ENSGMOG00000019730	1109
ENSGMOG00000003559	10
ENSGMOG00000003575	3446
ENSGMOG00000003585	20
ENSGMOG00000003633	4
ENSGMOG00000012774	0
ENSGMOG00000012786	0
ENSGMOG00000012790	0
ENSGMOG00000012795	62
ENSGMOG00000019924	0
ENSGMOG00000014958	1
ENSGMOG00000015315	163
ENSGMOG00000021186	0
ENSGMOG00000021255	0
ENSGMOG00000012712	94
ENSGMOG00000012717	190
ENSGMOG00000012721	505
ENSGMOG00000012723	3
ENSGMOG00000012728	2
ENSGMOG00000012732	17
ENSGMOG00000012750	13
ENSGMOG00000020465	3
ENSGMOG00000020235	0
ENSGMOG00000020236	1
ENSGMOG00000006509	1721
ENSGMOG00000006520	894
ENSGMOG00000020237	0
ENSGMOG00000009438	366
ENSGMOG00000009468	2154
ENSGMOG00000009479	127
ENSGMOG00000009489	47
ENSGMOG00000009500	136
ENSGMOG00000009512	26
ENSGMOG00000009521	453
ENSGMOG00000009564	4685
ENSGMOG00000009575	324
ENSGMOG00000009582	72
ENSGMOG00000009590	5167
ENSGMOG00000008179	0
ENSGMOG00000008182	5035
ENSGMOG00000003230	199
ENSGMOG00000003251	6
ENSGMOG00000003263	57
ENSGMOG00000003293	12
ENSGMOG00000003332	0
ENSGMOG00000003355	0
ENSGMOG00000003374	1
ENSGMOG00000003399	256
ENSGMOG00000003438	306
ENSGMOG00000012879	212
ENSGMOG00000012894	29
ENSGMOG00000012900	14
ENSGMOG00000012905	2
ENSGMOG00000012910	1436
ENSGMOG00000012935	7656
ENSGMOG00000012966	48931
ENSGMOG00000016407	25
ENSGMOG00000016475	495
ENSGMOG00000004555	1213
ENSGMOG00000004599	8
ENSGMOG00000021994	0
ENSGMOG00000015684	61
ENSGMOG00000015754	19
ENSGMOG00000015786	34
ENSGMOG00000015800	22
ENSGMOG00000015810	0
ENSGMOG00000009369	0
ENSGMOG00000009373	567
ENSGMOG00000009388	1382
ENSGMOG00000010601	29
ENSGMOG00000010621	5
ENSGMOG00000010681	1505
ENSGMOG00000010700	272
ENSGMOG00000010708	80
ENSGMOG00000010717	1576
ENSGMOG00000010746	770
ENSGMOG00000010756	189
ENSGMOG00000002759	23
ENSGMOG00000002798	149
ENSGMOG00000002827	48
ENSGMOG00000002864	314
ENSGMOG00000002878	9860
ENSGMOG00000002899	50
ENSGMOG00000002918	560
ENSGMOG00000002945	1588
ENSGMOG00000003015	118
ENSGMOG00000003047	1242
ENSGMOG00000003084	1014
ENSGMOG00000003113	745
ENSGMOG00000017141	91
ENSGMOG00000017181	0
ENSGMOG00000017188	143
ENSGMOG00000017209	2031
ENSGMOG00000017223	197
ENSGMOG00000017242	15966
ENSGMOG00000017253	479
ENSGMOG00000010920	6653
ENSGMOG00000010929	6920
ENSGMOG00000010943	944
ENSGMOG00000010951	1731
ENSGMOG00000011005	3063
ENSGMOG00000011025	405
ENSGMOG00000011033	5681
ENSGMOG00000011054	9
ENSGMOG00000011061	2
ENSGMOG00000011091	216
ENSGMOG00000011101	33
ENSGMOG00000011109	1169
ENSGMOG00000011118	82
ENSGMOG00000011128	151
ENSGMOG00000011157	354
ENSGMOG00000021525	1
ENSGMOG00000015209	1439
ENSGMOG00000015222	395
ENSGMOG00000015332	2804
ENSGMOG00000015538	82
ENSGMOG00000015551	112
ENSGMOG00000018782	297
ENSGMOG00000018790	404
ENSGMOG00000018794	236
ENSGMOG00000018810	88
ENSGMOG00000018825	207
ENSGMOG00000013052	1599
ENSGMOG00000013054	2547
ENSGMOG00000013098	1757
ENSGMOG00000013126	224
ENSGMOG00000013133	4
ENSGMOG00000013150	36
ENSGMOG00000001611	35
ENSGMOG00000001628	271
ENSGMOG00000016014	80
ENSGMOG00000016045	204
ENSGMOG00000016093	2118
ENSGMOG00000016130	6
ENSGMOG00000002109	50
ENSGMOG00000002130	324
ENSGMOG00000002159	169
ENSGMOG00000002211	1851
ENSGMOG00000002232	33635
ENSGMOG00000002264	82
ENSGMOG00000002275	1
ENSGMOG00000002336	0
ENSGMOG00000002344	177
ENSGMOG00000006240	76
ENSGMOG00000006254	2791
ENSGMOG00000006268	6
ENSGMOG00000006292	901
ENSGMOG00000020225	46
ENSGMOG00000006301	334
ENSGMOG00000020226	227
ENSGMOG00000006307	7
ENSGMOG00000006651	0
ENSGMOG00000020241	0
ENSGMOG00000006682	5
ENSGMOG00000006692	134
ENSGMOG00000006708	4
ENSGMOG00000020242	357
ENSGMOG00000006734	7
ENSGMOG00000006762	1508
ENSGMOG00000006859	608
ENSGMOG00000006869	53
ENSGMOG00000006882	157
ENSGMOG00000020024	20
ENSGMOG00000003821	552
ENSGMOG00000003841	113
ENSGMOG00000003863	570
ENSGMOG00000003902	1
ENSGMOG00000003914	1
ENSGMOG00000003935	194
ENSGMOG00000003978	127
ENSGMOG00000020025	499
ENSGMOG00000004005	12
ENSGMOG00000020671	0
ENSGMOG00000022019	0
ENSGMOG00000004033	9615
ENSGMOG00000004058	117
ENSGMOG00000004086	493
ENSGMOG00000001805	36
ENSGMOG00000001839	1088
ENSGMOG00000001895	7
ENSGMOG00000001900	611
ENSGMOG00000001935	7702
ENSGMOG00000001955	529
ENSGMOG00000001979	105
ENSGMOG00000016795	219
ENSGMOG00000016832	290
ENSGMOG00000016836	80
ENSGMOG00000015889	0
ENSGMOG00000015935	1
ENSGMOG00000015977	505
ENSGMOG00000016008	7
ENSGMOG00000016023	3089
ENSGMOG00000004987	1064
ENSGMOG00000004997	33
ENSGMOG00000005004	125
ENSGMOG00000005029	0
ENSGMOG00000005042	8
ENSGMOG00000005083	3755
ENSGMOG00000005119	393
ENSGMOG00000007649	117
ENSGMOG00000021196	2
ENSGMOG00000007659	0
ENSGMOG00000020382	0
ENSGMOG00000011872	1073
ENSGMOG00000000592	231
ENSGMOG00000000600	1220
ENSGMOG00000000612	149
ENSGMOG00000000684	158
ENSGMOG00000019789	0
ENSGMOG00000000818	62
ENSGMOG00000000857	10398
ENSGMOG00000000868	719
ENSGMOG00000000874	4050
ENSGMOG00000000887	0
ENSGMOG00000009668	855
ENSGMOG00000009724	1948
ENSGMOG00000009739	439
ENSGMOG00000019896	0
ENSGMOG00000009755	403
ENSGMOG00000020872	0
ENSGMOG00000012519	801
ENSGMOG00000000741	2299
ENSGMOG00000000764	335
ENSGMOG00000000779	324
ENSGMOG00000000800	5660
ENSGMOG00000000819	421
ENSGMOG00000010637	20
ENSGMOG00000010656	814
ENSGMOG00000010673	425
ENSGMOG00000010694	241
ENSGMOG00000010709	5415
ENSGMOG00000017006	3
ENSGMOG00000017028	264
ENSGMOG00000004984	82
ENSGMOG00000005023	108
ENSGMOG00000005052	679
ENSGMOG00000005105	2373
ENSGMOG00000005114	221
ENSGMOG00000003818	299
ENSGMOG00000020022	6
ENSGMOG00000003886	420
ENSGMOG00000003952	913
ENSGMOG00000003961	40
ENSGMOG00000017668	7
ENSGMOG00000019840	1
ENSGMOG00000017714	0
ENSGMOG00000017717	0
ENSGMOG00000017737	388
ENSGMOG00000017758	109
ENSGMOG00000019522	28
ENSGMOG00000006892	115
ENSGMOG00000020253	925
ENSGMOG00000006894	6809
ENSGMOG00000006920	339
ENSGMOG00000006926	0
ENSGMOG00000006934	0
ENSGMOG00000006953	12
ENSGMOG00000007030	337
ENSGMOG00000007063	517
ENSGMOG00000007228	117
ENSGMOG00000007229	724
ENSGMOG00000007236	318
ENSGMOG00000007245	96
ENSGMOG00000007574	143
ENSGMOG00000007602	1
ENSGMOG00000007616	1
ENSGMOG00000015892	218
ENSGMOG00000015932	522
ENSGMOG00000014244	1936
ENSGMOG00000000175	384
ENSGMOG00000000181	495
ENSGMOG00000000195	217
ENSGMOG00000020746	5
ENSGMOG00000000197	285
ENSGMOG00000000210	2
ENSGMOG00000000467	2101
ENSGMOG00000002652	4685
ENSGMOG00000002670	941
ENSGMOG00000002685	3706
ENSGMOG00000002698	7719
ENSGMOG00000002730	53
ENSGMOG00000002738	2
ENSGMOG00000002750	117
ENSGMOG00000002764	25
ENSGMOG00000002793	0
ENSGMOG00000002807	33
ENSGMOG00000019815	786
ENSGMOG00000017176	432
ENSGMOG00000017282	1157
ENSGMOG00000017299	320
ENSGMOG00000017312	2989
ENSGMOG00000019816	2696
ENSGMOG00000006270	0
ENSGMOG00000006281	246
ENSGMOG00000006310	310
ENSGMOG00000006348	9
ENSGMOG00000006357	0
ENSGMOG00000014045	100
ENSGMOG00000017629	2319
ENSGMOG00000017739	2515
ENSGMOG00000007135	0
ENSGMOG00000007139	0
ENSGMOG00000007196	1105
ENSGMOG00000007214	4
ENSGMOG00000007216	116
ENSGMOG00000007255	5346
ENSGMOG00000007275	5742
ENSGMOG00000016619	77
ENSGMOG00000016638	489
ENSGMOG00000016644	233
ENSGMOG00000016686	5424
ENSGMOG00000009277	315
ENSGMOG00000021533	0
ENSGMOG00000021592	2
ENSGMOG00000009383	23
ENSGMOG00000022041	0
ENSGMOG00000020069	5
ENSGMOG00000013791	137
ENSGMOG00000020070	561
ENSGMOG00000013813	118
ENSGMOG00000013874	204
ENSGMOG00000013951	391
ENSGMOG00000016484	8
ENSGMOG00000018718	28
ENSGMOG00000018728	68
ENSGMOG00000018736	278
ENSGMOG00000018755	5437
ENSGMOG00000005869	985
ENSGMOG00000005884	828
ENSGMOG00000005917	190
ENSGMOG00000005970	6
ENSGMOG00000020216	8
ENSGMOG00000006020	87
ENSGMOG00000006044	307
ENSGMOG00000006059	19
ENSGMOG00000006090	0
ENSGMOG00000006105	419
ENSGMOG00000006116	6944
ENSGMOG00000006136	320
ENSGMOG00000006147	2358
ENSGMOG00000002227	853
ENSGMOG00000002280	1020
ENSGMOG00000002310	26
ENSGMOG00000002327	8
ENSGMOG00000002337	1258
ENSGMOG00000002375	112
ENSGMOG00000002461	1
ENSGMOG00000002485	3338
ENSGMOG00000002555	199
ENSGMOG00000002715	686
ENSGMOG00000002728	871
ENSGMOG00000002755	147
ENSGMOG00000002783	2015
ENSGMOG00000002853	2491
ENSGMOG00000002902	17
ENSGMOG00000002917	0
ENSGMOG00000002938	267
ENSGMOG00000004713	30
ENSGMOG00000017797	0
ENSGMOG00000003824	182
ENSGMOG00000020026	0
ENSGMOG00000003853	970
ENSGMOG00000003879	7
ENSGMOG00000003913	647
ENSGMOG00000003944	1720
ENSGMOG00000003245	10
ENSGMOG00000003264	1125
ENSGMOG00000003281	11886
ENSGMOG00000003300	301
ENSGMOG00000003321	1908
ENSGMOG00000003360	59
ENSGMOG00000003413	498
ENSGMOG00000003442	86
ENSGMOG00000001399	1087
ENSGMOG00000001439	69
ENSGMOG00000001452	318
ENSGMOG00000005259	4612
ENSGMOG00000005291	1098
ENSGMOG00000005326	9
ENSGMOG00000014407	0
ENSGMOG00000014425	301
ENSGMOG00000014467	488
ENSGMOG00000014484	6
ENSGMOG00000014620	16
ENSGMOG00000014642	4489
ENSGMOG00000014656	409
ENSGMOG00000014675	550
ENSGMOG00000014691	342
ENSGMOG00000014701	6470
ENSGMOG00000014756	1390
ENSGMOG00000020098	22
ENSGMOG00000014785	38
ENSGMOG00000014792	648
ENSGMOG00000014842	26941
ENSGMOG00000014864	46
ENSGMOG00000003578	1862
ENSGMOG00000003590	140
ENSGMOG00000003612	655
ENSGMOG00000000090	320
ENSGMOG00000000094	2
ENSGMOG00000000101	84
ENSGMOG00000000105	5
ENSGMOG00000000108	14
ENSGMOG00000000113	34592
ENSGMOG00000000116	276
ENSGMOG00000017409	443
ENSGMOG00000017444	0
ENSGMOG00000021182	0
ENSGMOG00000009052	708
ENSGMOG00000010472	84
ENSGMOG00000020116	0
ENSGMOG00000010766	1
ENSGMOG00000010777	9
ENSGMOG00000010779	291
ENSGMOG00000010788	29
ENSGMOG00000010795	206
ENSGMOG00000021009	0
ENSGMOG00000010846	754
ENSGMOG00000010852	297
ENSGMOG00000010872	682
ENSGMOG00000010885	145
ENSGMOG00000010896	6
ENSGMOG00000010903	34
ENSGMOG00000020117	7688
ENSGMOG00000016828	7
ENSGMOG00000016854	248
ENSGMOG00000016924	401
ENSGMOG00000016941	870
ENSGMOG00000019496	783
ENSGMOG00000019498	23
ENSGMOG00000019501	0
ENSGMOG00000020403	0
ENSGMOG00000008131	97
ENSGMOG00000008134	1
ENSGMOG00000020404	2
ENSGMOG00000008135	321
ENSGMOG00000008138	126
ENSGMOG00000008141	88
ENSGMOG00000009023	10
ENSGMOG00000009032	11
ENSGMOG00000009153	0
ENSGMOG00000009161	138
ENSGMOG00000019873	220
ENSGMOG00000003140	867
ENSGMOG00000003149	1438
ENSGMOG00000003177	468
ENSGMOG00000003212	4724
ENSGMOG00000003221	4
ENSGMOG00000003234	0
ENSGMOG00000018643	818
ENSGMOG00000018665	22
ENSGMOG00000018673	305
ENSGMOG00000018698	0
ENSGMOG00000018704	245
ENSGMOG00000018713	16
ENSGMOG00000001561	0
ENSGMOG00000001728	25
ENSGMOG00000001851	57
ENSGMOG00000022112	0
ENSGMOG00000001896	77
ENSGMOG00000005444	0
ENSGMOG00000021333	0
ENSGMOG00000005451	0
ENSGMOG00000005459	0
ENSGMOG00000020451	0
ENSGMOG00000005469	0
ENSGMOG00000005481	0
ENSGMOG00000005502	3
ENSGMOG00000005511	4
ENSGMOG00000005522	265
ENSGMOG00000020452	0
ENSGMOG00000005546	0
ENSGMOG00000005555	0
ENSGMOG00000005564	0
ENSGMOG00000005571	2073
ENSGMOG00000003426	7034
ENSGMOG00000003445	10742
ENSGMOG00000003472	1208
ENSGMOG00000005391	517
ENSGMOG00000003894	0
ENSGMOG00000003906	0
ENSGMOG00000003923	1100
ENSGMOG00000003953	249
ENSGMOG00000010342	177
ENSGMOG00000021134	7
ENSGMOG00000021877	2
ENSGMOG00000021909	2
ENSGMOG00000021016	2
ENSGMOG00000020988	0
ENSGMOG00000021522	0
ENSGMOG00000021646	0
ENSGMOG00000010350	5590
ENSGMOG00000010365	689
ENSGMOG00000010385	2206
ENSGMOG00000010398	519
ENSGMOG00000010412	16
ENSGMOG00000010422	1099
ENSGMOG00000010473	312
ENSGMOG00000010492	743
ENSGMOG00000010509	2221
ENSGMOG00000010513	18
ENSGMOG00000010517	204
ENSGMOG00000010525	165
ENSGMOG00000008500	826
ENSGMOG00000009758	1813
ENSGMOG00000021407	0
ENSGMOG00000009784	5976
ENSGMOG00000016350	2631
ENSGMOG00000016397	427
ENSGMOG00000019252	16
ENSGMOG00000018583	352
ENSGMOG00000018594	1079
ENSGMOG00000018615	368
ENSGMOG00000018622	2740
ENSGMOG00000014303	5
ENSGMOG00000014332	199
ENSGMOG00000014423	2499
ENSGMOG00000014447	6
ENSGMOG00000014465	998
ENSGMOG00000014480	489
ENSGMOG00000014520	0
ENSGMOG00000014534	1017
ENSGMOG00000007928	146
ENSGMOG00000007931	2597
ENSGMOG00000007951	0
ENSGMOG00000007955	0
ENSGMOG00000004024	324
ENSGMOG00000004048	115
ENSGMOG00000004069	1
ENSGMOG00000004084	1231
ENSGMOG00000004107	3741
ENSGMOG00000004132	11
ENSGMOG00000004143	252
ENSGMOG00000004148	432
ENSGMOG00000004210	104
ENSGMOG00000004219	184
ENSGMOG00000004253	993
ENSGMOG00000004263	11
ENSGMOG00000004309	2
ENSGMOG00000003343	0
ENSGMOG00000003349	1651
ENSGMOG00000003424	125
ENSGMOG00000017535	84
ENSGMOG00000017562	1953
ENSGMOG00000017592	3
ENSGMOG00000017638	142
ENSGMOG00000017643	2985
ENSGMOG00000017671	1769
ENSGMOG00000017706	342
ENSGMOG00000017756	84
ENSGMOG00000010031	1
ENSGMOG00000018978	30
ENSGMOG00000018985	8941
ENSGMOG00000019006	2521
ENSGMOG00000019021	1302
ENSGMOG00000019104	1
ENSGMOG00000004204	2
ENSGMOG00000004345	5
ENSGMOG00000004364	1546
ENSGMOG00000013747	134
ENSGMOG00000013784	48
ENSGMOG00000002467	90
ENSGMOG00000002492	3521
ENSGMOG00000002501	4
ENSGMOG00000002539	127
ENSGMOG00000010335	101
ENSGMOG00000015458	97
ENSGMOG00000015465	906
ENSGMOG00000015516	355
ENSGMOG00000015534	7177
ENSGMOG00000015552	559
ENSGMOG00000015594	146
ENSGMOG00000015607	993
ENSGMOG00000015616	358
ENSGMOG00000014472	348
ENSGMOG00000014513	3
ENSGMOG00000019367	15
ENSGMOG00000019397	325
ENSGMOG00000019404	2049
ENSGMOG00000019407	145
ENSGMOG00000014408	974
ENSGMOG00000014499	13
ENSGMOG00000014526	2
ENSGMOG00000013231	1
ENSGMOG00000013241	0
ENSGMOG00000013265	89
ENSGMOG00000013273	0
ENSGMOG00000013292	1479
ENSGMOG00000013305	934
ENSGMOG00000013310	7
ENSGMOG00000011017	274
ENSGMOG00000011037	105
ENSGMOG00000011047	3314
ENSGMOG00000011059	1327
ENSGMOG00000011072	5782
ENSGMOG00000011088	19
ENSGMOG00000009003	399
ENSGMOG00000009012	258
ENSGMOG00000009116	1
ENSGMOG00000009144	501
ENSGMOG00000009152	336
ENSGMOG00000009165	396
ENSGMOG00000009208	20
ENSGMOG00000009315	410
ENSGMOG00000009345	48
ENSGMOG00000005600	0
ENSGMOG00000006069	0
ENSGMOG00000006075	1341
ENSGMOG00000006084	987
ENSGMOG00000006127	364
ENSGMOG00000006182	66
ENSGMOG00000006200	20
ENSGMOG00000004732	525
ENSGMOG00000004826	529
ENSGMOG00000004839	6525
ENSGMOG00000004849	1756
ENSGMOG00000004872	0
ENSGMOG00000004896	758
ENSGMOG00000004925	705
ENSGMOG00000005011	278
ENSGMOG00000003190	174
ENSGMOG00000003202	131
ENSGMOG00000003239	810
ENSGMOG00000003255	290
ENSGMOG00000003279	2283
ENSGMOG00000003320	1582
ENSGMOG00000003344	1288
ENSGMOG00000003362	546
ENSGMOG00000003375	1162
ENSGMOG00000003401	2273
ENSGMOG00000003412	762
ENSGMOG00000015543	1347
ENSGMOG00000015592	279
ENSGMOG00000015635	724
ENSGMOG00000015645	2
ENSGMOG00000015660	0
ENSGMOG00000015672	677
ENSGMOG00000015694	141
ENSGMOG00000015717	356
ENSGMOG00000015743	294
ENSGMOG00000015763	116
ENSGMOG00000021758	0
ENSGMOG00000015778	2204
ENSGMOG00000018357	4634
ENSGMOG00000018388	221
ENSGMOG00000018400	5
ENSGMOG00000018426	158
ENSGMOG00000018464	1492
ENSGMOG00000018497	124
ENSGMOG00000018515	3698
ENSGMOG00000020801	47
ENSGMOG00000006779	3
ENSGMOG00000017599	0
ENSGMOG00000006589	1
ENSGMOG00000006600	688
ENSGMOG00000006770	242
ENSGMOG00000006789	2070
ENSGMOG00000006805	1018
ENSGMOG00000019565	14
ENSGMOG00000019567	713
ENSGMOG00000019587	4526
ENSGMOG00000022127	2
ENSGMOG00000019590	186
ENSGMOG00000014022	457
ENSGMOG00000014028	1087
ENSGMOG00000014066	1055
ENSGMOG00000014093	2248
ENSGMOG00000014111	420
ENSGMOG00000014146	13
ENSGMOG00000004751	311
ENSGMOG00000004776	41
ENSGMOG00000004802	1
ENSGMOG00000017280	469
ENSGMOG00000017324	173
ENSGMOG00000017359	2248
ENSGMOG00000017374	10
ENSGMOG00000017388	0
ENSGMOG00000017402	0
ENSGMOG00000014227	158
ENSGMOG00000018164	0
ENSGMOG00000018168	11
ENSGMOG00000016820	88
ENSGMOG00000020398	39
ENSGMOG00000016846	10
ENSGMOG00000000038	1354
ENSGMOG00000000043	1
ENSGMOG00000000044	518
ENSGMOG00000000048	25
ENSGMOG00000000052	236
ENSGMOG00000000057	46
ENSGMOG00000000060	20
ENSGMOG00000000070	711
ENSGMOG00000003276	2402
ENSGMOG00000003299	11661
ENSGMOG00000003326	467
ENSGMOG00000003342	465
ENSGMOG00000000502	741
ENSGMOG00000000558	0
ENSGMOG00000000564	213
ENSGMOG00000000574	1
ENSGMOG00000002090	1396
ENSGMOG00000005580	55
ENSGMOG00000004090	0
ENSGMOG00000004125	0
ENSGMOG00000006467	817
ENSGMOG00000006501	5233
ENSGMOG00000005267	12
ENSGMOG00000005287	39277
ENSGMOG00000000904	12358
ENSGMOG00000000933	5674
ENSGMOG00000000943	89
ENSGMOG00000000969	150
ENSGMOG00000000993	2703
ENSGMOG00000001029	1151
ENSGMOG00000001052	11
ENSGMOG00000002949	0
ENSGMOG00000002962	1622
ENSGMOG00000003020	775
ENSGMOG00000003033	383
ENSGMOG00000003041	0
ENSGMOG00000003055	0
ENSGMOG00000004656	453
ENSGMOG00000004691	1
ENSGMOG00000004696	587
ENSGMOG00000004723	942
ENSGMOG00000004746	1147
ENSGMOG00000019206	334
ENSGMOG00000019210	0
ENSGMOG00000019220	1096
ENSGMOG00000019234	6429
ENSGMOG00000018682	304
ENSGMOG00000018692	2
ENSGMOG00000018707	912
ENSGMOG00000018719	241
ENSGMOG00000018733	4
ENSGMOG00000018743	13570
ENSGMOG00000000678	1
ENSGMOG00000000686	0
ENSGMOG00000000691	61
ENSGMOG00000018676	421
ENSGMOG00000018686	94
ENSGMOG00000014421	605
ENSGMOG00000014473	14
ENSGMOG00000020124	28
ENSGMOG00000010956	6398
ENSGMOG00000010980	1258
ENSGMOG00000010988	90
ENSGMOG00000010996	124
ENSGMOG00000011001	182
ENSGMOG00000011007	48
ENSGMOG00000011011	2493
ENSGMOG00000004893	5
ENSGMOG00000021449	12
ENSGMOG00000021194	5
ENSGMOG00000004904	18
ENSGMOG00000004920	0
ENSGMOG00000004936	372
ENSGMOG00000011439	18
ENSGMOG00000011459	1452
ENSGMOG00000011478	571
ENSGMOG00000011491	1
ENSGMOG00000011560	131
ENSGMOG00000011578	265
ENSGMOG00000021484	0
ENSGMOG00000009172	9908
ENSGMOG00000009187	134
ENSGMOG00000009198	1002
ENSGMOG00000012072	172
ENSGMOG00000020584	9
ENSGMOG00000012073	31
ENSGMOG00000012077	389
ENSGMOG00000012082	14
ENSGMOG00000012085	62
ENSGMOG00000015544	394
ENSGMOG00000015562	3012
ENSGMOG00000015582	79
ENSGMOG00000015628	2162
ENSGMOG00000015667	587
ENSGMOG00000015692	1265
ENSGMOG00000015698	4810
ENSGMOG00000018034	0
ENSGMOG00000018039	8423
ENSGMOG00000018057	1108
ENSGMOG00000018077	282
ENSGMOG00000018208	10
ENSGMOG00000017580	97
ENSGMOG00000017601	403
ENSGMOG00000017627	290
ENSGMOG00000017659	282
ENSGMOG00000017675	99
ENSGMOG00000017694	3419
ENSGMOG00000008649	2925
ENSGMOG00000008662	111
ENSGMOG00000008689	802
ENSGMOG00000008702	19528
ENSGMOG00000008717	286
ENSGMOG00000008732	630
ENSGMOG00000015730	46
ENSGMOG00000015799	442
ENSGMOG00000015802	280
ENSGMOG00000015844	809
ENSGMOG00000000820	88
ENSGMOG00000000856	4
ENSGMOG00000018158	1298
ENSGMOG00000018211	0
ENSGMOG00000006484	11
ENSGMOG00000006513	0
ENSGMOG00000006526	239
ENSGMOG00000013453	2591
ENSGMOG00000013463	20205
ENSGMOG00000000883	964
ENSGMOG00000021386	4
ENSGMOG00000012310	1233
ENSGMOG00000012322	591
ENSGMOG00000012340	756
ENSGMOG00000012341	397
ENSGMOG00000021493	0
ENSGMOG00000021161	0
ENSGMOG00000012344	391
ENSGMOG00000012348	333
ENSGMOG00000020597	142
ENSGMOG00000006222	5
ENSGMOG00000006229	0
ENSGMOG00000006237	0
ENSGMOG00000006260	6
ENSGMOG00000006264	37
ENSGMOG00000018317	2
ENSGMOG00000003582	0
ENSGMOG00000010538	552
ENSGMOG00000010543	2954
ENSGMOG00000010546	491
ENSGMOG00000019262	40
ENSGMOG00000019266	129
ENSGMOG00000019275	0
ENSGMOG00000009495	1181
ENSGMOG00000009509	2
ENSGMOG00000009513	0
ENSGMOG00000009518	2513
ENSGMOG00000009525	34
ENSGMOG00000009532	16
ENSGMOG00000009544	552
ENSGMOG00000009559	0
ENSGMOG00000009561	272
ENSGMOG00000009567	113
ENSGMOG00000001516	19
ENSGMOG00000001541	1
ENSGMOG00000001559	4199
ENSGMOG00000001570	227
ENSGMOG00000001627	21
ENSGMOG00000019181	1
ENSGMOG00000019219	584
ENSGMOG00000016878	1860
ENSGMOG00000018919	14
ENSGMOG00000004421	21
ENSGMOG00000004487	429
ENSGMOG00000004554	888
ENSGMOG00000004565	809
ENSGMOG00000004598	1381
ENSGMOG00000004604	840
ENSGMOG00000004663	500
ENSGMOG00000004694	2103
ENSGMOG00000004727	779
ENSGMOG00000004741	3217
ENSGMOG00000004762	6984
ENSGMOG00000004812	238
ENSGMOG00000004834	947
ENSGMOG00000004864	1163
ENSGMOG00000004899	95
ENSGMOG00000004917	19
ENSGMOG00000004928	37
ENSGMOG00000004938	27672
ENSGMOG00000004962	5076
ENSGMOG00000004978	160
ENSGMOG00000004991	98
ENSGMOG00000013019	8
ENSGMOG00000013028	269
ENSGMOG00000013047	2516
ENSGMOG00000013061	42
ENSGMOG00000013066	0
ENSGMOG00000018136	18
ENSGMOG00000021885	0
ENSGMOG00000012912	0
ENSGMOG00000012915	0
ENSGMOG00000012918	305
ENSGMOG00000012399	8125
ENSGMOG00000012403	386
ENSGMOG00000008330	161
ENSGMOG00000008333	205
ENSGMOG00000008335	3588
ENSGMOG00000008337	2771
ENSGMOG00000008341	357
ENSGMOG00000016020	80
ENSGMOG00000015790	26
ENSGMOG00000015831	633
ENSGMOG00000015848	29
ENSGMOG00000014841	86
ENSGMOG00000014866	18259
ENSGMOG00000014880	2
ENSGMOG00000014931	265
ENSGMOG00000014965	0
ENSGMOG00000014999	457
ENSGMOG00000008048	239
ENSGMOG00000008055	1
ENSGMOG00000016073	1936
ENSGMOG00000022101	0
ENSGMOG00000010410	6
ENSGMOG00000010417	0
ENSGMOG00000010493	2223
ENSGMOG00000017029	17
ENSGMOG00000017044	0
ENSGMOG00000017048	50
ENSGMOG00000017085	51
ENSGMOG00000017096	21
ENSGMOG00000004689	771
ENSGMOG00000004716	1248
ENSGMOG00000004726	58
ENSGMOG00000004760	26
ENSGMOG00000004765	883
ENSGMOG00000004775	49
ENSGMOG00000004794	0
ENSGMOG00000004811	846
ENSGMOG00000004865	1040
ENSGMOG00000004881	3340
ENSGMOG00000004698	937
ENSGMOG00000004724	1787
ENSGMOG00000004810	544
ENSGMOG00000004844	1560
ENSGMOG00000004885	36
ENSGMOG00000004912	821
ENSGMOG00000004932	617
ENSGMOG00000004959	1472
ENSGMOG00000004986	13
ENSGMOG00000005017	343
ENSGMOG00000005093	1154
ENSGMOG00000005110	0
ENSGMOG00000008758	2
ENSGMOG00000008764	470
ENSGMOG00000019865	0
ENSGMOG00000008774	1
ENSGMOG00000008784	3
ENSGMOG00000008790	1
ENSGMOG00000008802	137
ENSGMOG00000013553	4
ENSGMOG00000009570	54
ENSGMOG00000009595	3
ENSGMOG00000006070	65
ENSGMOG00000006086	353
ENSGMOG00000001305	6
ENSGMOG00000016435	19996
ENSGMOG00000016441	0
ENSGMOG00000016459	0
ENSGMOG00000001580	2
ENSGMOG00000002997	1638
ENSGMOG00000000793	0
ENSGMOG00000000805	559
ENSGMOG00000000841	30
ENSGMOG00000005255	2918
ENSGMOG00000005284	95
ENSGMOG00000005293	134
ENSGMOG00000005298	3469
ENSGMOG00000005322	101
ENSGMOG00000018017	879
ENSGMOG00000018024	1
ENSGMOG00000018047	216
ENSGMOG00000018075	37
ENSGMOG00000018098	1696
ENSGMOG00000018113	1765
ENSGMOG00000018133	399
ENSGMOG00000018147	364
ENSGMOG00000001759	30
ENSGMOG00000001774	2
ENSGMOG00000001789	598
ENSGMOG00000000189	2616
ENSGMOG00000000201	22
ENSGMOG00000000221	211
ENSGMOG00000000231	1538
ENSGMOG00000000249	210
ENSGMOG00000000251	18549
ENSGMOG00000000264	103
ENSGMOG00000000274	463
ENSGMOG00000000290	4
ENSGMOG00000010080	1420
ENSGMOG00000010095	6
ENSGMOG00000010114	81
ENSGMOG00000010156	255
ENSGMOG00000010162	237
ENSGMOG00000010186	2058
ENSGMOG00000010201	9
ENSGMOG00000017843	0
ENSGMOG00000017863	0
ENSGMOG00000017888	0
ENSGMOG00000014640	0
ENSGMOG00000002120	60
ENSGMOG00000002702	0
ENSGMOG00000002757	59
ENSGMOG00000002823	512
ENSGMOG00000002868	621
ENSGMOG00000002883	375
ENSGMOG00000002904	10
ENSGMOG00000002931	56
ENSGMOG00000004796	682
ENSGMOG00000004835	14
ENSGMOG00000004843	0
ENSGMOG00000004847	0
ENSGMOG00000004871	8
ENSGMOG00000017598	6
ENSGMOG00000017633	39
ENSGMOG00000017654	7
ENSGMOG00000017690	12
ENSGMOG00000017711	1075
ENSGMOG00000000543	68
ENSGMOG00000004644	102
ENSGMOG00000004666	105
ENSGMOG00000004677	1543
ENSGMOG00000021093	17
ENSGMOG00000004690	10560
ENSGMOG00000004710	1196
ENSGMOG00000004747	153
ENSGMOG00000004767	3
ENSGMOG00000004784	1309
ENSGMOG00000004791	271
ENSGMOG00000004813	1517
ENSGMOG00000001031	71
ENSGMOG00000001040	127
ENSGMOG00000001044	1318
ENSGMOG00000001075	57
ENSGMOG00000019937	188
ENSGMOG00000015019	60
ENSGMOG00000015038	2613
ENSGMOG00000010090	80
ENSGMOG00000010103	94
ENSGMOG00000010116	62
ENSGMOG00000010130	3295
ENSGMOG00000010141	38
ENSGMOG00000010172	138
ENSGMOG00000010184	1918
ENSGMOG00000022017	27
ENSGMOG00000010204	44
ENSGMOG00000010214	24
ENSGMOG00000016627	1572
ENSGMOG00000016635	1468
ENSGMOG00000000446	1053
ENSGMOG00000000473	1349
ENSGMOG00000019777	2
ENSGMOG00000015089	185
ENSGMOG00000015117	0
ENSGMOG00000015128	3
ENSGMOG00000015147	60
ENSGMOG00000015162	3
ENSGMOG00000015186	582
ENSGMOG00000015200	417
ENSGMOG00000015242	3293
ENSGMOG00000015253	44
ENSGMOG00000015358	0
ENSGMOG00000012084	23825
ENSGMOG00000012087	979
ENSGMOG00000012092	180
ENSGMOG00000012094	303
ENSGMOG00000006297	1305
ENSGMOG00000006311	2772
ENSGMOG00000016191	21
ENSGMOG00000016215	54
ENSGMOG00000016037	0
ENSGMOG00000018923	0
ENSGMOG00000018927	0
ENSGMOG00000006821	94
ENSGMOG00000006825	1783
ENSGMOG00000006841	0
ENSGMOG00000006844	494
ENSGMOG00000006858	2
ENSGMOG00000006870	167
ENSGMOG00000006887	548
ENSGMOG00000006928	396
ENSGMOG00000018218	55
ENSGMOG00000018231	372
ENSGMOG00000018732	293
ENSGMOG00000010722	0
ENSGMOG00000014181	491
ENSGMOG00000014213	1924
ENSGMOG00000014287	821
ENSGMOG00000014313	10719
ENSGMOG00000014330	0
ENSGMOG00000014353	115
ENSGMOG00000014390	115
ENSGMOG00000020090	15
ENSGMOG00000011271	122
ENSGMOG00000011274	287
ENSGMOG00000011284	918
ENSGMOG00000011294	366
ENSGMOG00000011302	2367
ENSGMOG00000011310	507
ENSGMOG00000010933	830
ENSGMOG00000010942	49
ENSGMOG00000010948	251
ENSGMOG00000010967	263
ENSGMOG00000010977	686
ENSGMOG00000010984	3686
ENSGMOG00000010992	681
ENSGMOG00000019507	747
ENSGMOG00000005135	11080
ENSGMOG00000005163	1143
ENSGMOG00000005192	1814
ENSGMOG00000005203	5158
ENSGMOG00000005220	13
ENSGMOG00000005235	104
ENSGMOG00000003164	0
ENSGMOG00000003175	6
ENSGMOG00000003180	2140
ENSGMOG00000008580	1393
ENSGMOG00000008582	376
ENSGMOG00000008593	169
ENSGMOG00000008608	26
ENSGMOG00000002610	2444
ENSGMOG00000002656	0
ENSGMOG00000008853	39
ENSGMOG00000008859	7
ENSGMOG00000008870	0
ENSGMOG00000008877	0
ENSGMOG00000008878	7
ENSGMOG00000008927	780
ENSGMOG00000008949	175
ENSGMOG00000008964	86
ENSGMOG00000008970	91
ENSGMOG00000008474	57
ENSGMOG00000008477	0
ENSGMOG00000008482	80
ENSGMOG00000008484	278
ENSGMOG00000008490	216
ENSGMOG00000008492	3161
ENSGMOG00000008494	122
ENSGMOG00000001998	46
ENSGMOG00000002011	924
ENSGMOG00000002033	144
ENSGMOG00000002069	0
ENSGMOG00000003769	772
ENSGMOG00000011991	147
ENSGMOG00000011993	39
ENSGMOG00000011997	7876
ENSGMOG00000012010	8152
ENSGMOG00000012021	410
ENSGMOG00000012029	7058
ENSGMOG00000002047	451
ENSGMOG00000009049	526
ENSGMOG00000009063	14
ENSGMOG00000009070	1623
ENSGMOG00000009088	544
ENSGMOG00000009107	16
ENSGMOG00000009125	506
ENSGMOG00000009137	1592
ENSGMOG00000020792	0
ENSGMOG00000008855	0
ENSGMOG00000019867	0
ENSGMOG00000017870	168
ENSGMOG00000017873	81
ENSGMOG00000017891	145
ENSGMOG00000017925	1
ENSGMOG00000017949	275
ENSGMOG00000017959	258
ENSGMOG00000017977	1
ENSGMOG00000017989	30
ENSGMOG00000005535	303
ENSGMOG00000005550	5
ENSGMOG00000005570	22
ENSGMOG00000005581	831
ENSGMOG00000005610	921
ENSGMOG00000005623	1085
ENSGMOG00000005671	329
ENSGMOG00000005688	639
ENSGMOG00000005737	531
ENSGMOG00000010835	3
ENSGMOG00000010841	24
ENSGMOG00000010863	3
ENSGMOG00000010868	0
ENSGMOG00000010231	504
ENSGMOG00000020542	0
ENSGMOG00000010264	280
ENSGMOG00000010279	1
ENSGMOG00000010307	1
ENSGMOG00000010323	1
ENSGMOG00000012674	187
ENSGMOG00000015249	0
ENSGMOG00000015275	0
ENSGMOG00000015294	1
ENSGMOG00000018170	216
ENSGMOG00000018175	8063
ENSGMOG00000018187	53
ENSGMOG00000018273	181
ENSGMOG00000018289	1858
ENSGMOG00000018313	3028
ENSGMOG00000020271	24
ENSGMOG00000018340	4
ENSGMOG00000009209	76
ENSGMOG00000000437	524
ENSGMOG00000000645	9
ENSGMOG00000000666	222
ENSGMOG00000007182	0
ENSGMOG00000003681	11
ENSGMOG00000003724	27
ENSGMOG00000003737	3
ENSGMOG00000003744	3
ENSGMOG00000003757	0
ENSGMOG00000022053	0
ENSGMOG00000022016	0
ENSGMOG00000003766	335
ENSGMOG00000011737	560
ENSGMOG00000011742	3392
ENSGMOG00000011752	147
ENSGMOG00000020163	5
ENSGMOG00000012414	57
ENSGMOG00000013911	511
ENSGMOG00000001244	503
ENSGMOG00000001304	162
ENSGMOG00000001315	270
ENSGMOG00000008961	0
ENSGMOG00000008976	373
ENSGMOG00000008997	1
ENSGMOG00000009022	403
ENSGMOG00000008983	1
ENSGMOG00000005830	2350
ENSGMOG00000005852	444
ENSGMOG00000005871	889
ENSGMOG00000005893	719
ENSGMOG00000005906	1
ENSGMOG00000005926	723
ENSGMOG00000005973	377
ENSGMOG00000005995	133
ENSGMOG00000006007	90
ENSGMOG00000014938	5202
ENSGMOG00000015041	0
ENSGMOG00000010794	0
ENSGMOG00000010803	0
ENSGMOG00000019413	234
ENSGMOG00000019418	3755
ENSGMOG00000019425	51
ENSGMOG00000019430	28
ENSGMOG00000019436	0
ENSGMOG00000019443	9
ENSGMOG00000006162	0
ENSGMOG00000006342	95
ENSGMOG00000006399	224
ENSGMOG00000001706	1881
ENSGMOG00000001727	3660
ENSGMOG00000001750	122
ENSGMOG00000008779	214
ENSGMOG00000008807	15
ENSGMOG00000006387	508
ENSGMOG00000000803	17
ENSGMOG00000018895	1130
ENSGMOG00000018928	26
ENSGMOG00000012854	3798
ENSGMOG00000012867	29
ENSGMOG00000008373	2304
ENSGMOG00000008379	1419
ENSGMOG00000008383	1402
ENSGMOG00000008384	2602
ENSGMOG00000014040	881
ENSGMOG00000014072	3
ENSGMOG00000014083	2118
ENSGMOG00000014119	140
ENSGMOG00000001025	10
ENSGMOG00000017287	3
ENSGMOG00000017310	110
ENSGMOG00000017319	165
ENSGMOG00000017344	0
ENSGMOG00000017350	30
ENSGMOG00000017578	61
ENSGMOG00000017678	493
ENSGMOG00000017785	46
ENSGMOG00000004233	20
ENSGMOG00000004236	1
ENSGMOG00000004265	16
ENSGMOG00000004302	22
ENSGMOG00000004311	7868
ENSGMOG00000004337	146
ENSGMOG00000004355	589
ENSGMOG00000004381	681
ENSGMOG00000004411	572
ENSGMOG00000021649	2
ENSGMOG00000004426	1558
ENSGMOG00000004469	4361
ENSGMOG00000003099	615
ENSGMOG00000003115	439
ENSGMOG00000003138	303
ENSGMOG00000003157	1060
ENSGMOG00000003189	135
ENSGMOG00000003223	212
ENSGMOG00000003256	34
ENSGMOG00000003463	86
ENSGMOG00000020667	0
ENSGMOG00000021652	4
ENSGMOG00000003512	106
ENSGMOG00000021876	0
ENSGMOG00000020676	3
ENSGMOG00000003532	757
ENSGMOG00000008734	1440
ENSGMOG00000008742	759
ENSGMOG00000008748	128
ENSGMOG00000008782	1
ENSGMOG00000008800	1575
ENSGMOG00000008821	405
ENSGMOG00000008842	92
ENSGMOG00000016861	4662
ENSGMOG00000016874	19
ENSGMOG00000016887	0
ENSGMOG00000016893	1
ENSGMOG00000016902	0
ENSGMOG00000016910	1
ENSGMOG00000016915	16846
ENSGMOG00000016942	35
ENSGMOG00000016963	0
ENSGMOG00000003772	0
ENSGMOG00000019747	0
ENSGMOG00000003784	223
ENSGMOG00000003989	366
ENSGMOG00000004070	12
ENSGMOG00000004083	530
ENSGMOG00000004104	152
ENSGMOG00000004111	28
ENSGMOG00000004127	1149
ENSGMOG00000004158	231
ENSGMOG00000004174	64
ENSGMOG00000004183	2923
ENSGMOG00000004193	175
ENSGMOG00000004227	1006
ENSGMOG00000013917	0
ENSGMOG00000003436	512
ENSGMOG00000003450	3
ENSGMOG00000003458	0
ENSGMOG00000003465	0
ENSGMOG00000003473	815
ENSGMOG00000011914	0
ENSGMOG00000011918	246
ENSGMOG00000011921	752
ENSGMOG00000011925	799
ENSGMOG00000011928	30
ENSGMOG00000011934	47
ENSGMOG00000011946	44
ENSGMOG00000011335	595
ENSGMOG00000020046	20
ENSGMOG00000004211	0
ENSGMOG00000004231	227
ENSGMOG00000004266	1760
ENSGMOG00000004409	75
ENSGMOG00000004432	541
ENSGMOG00000004465	445
ENSGMOG00000004516	968
ENSGMOG00000004540	4067
ENSGMOG00000004552	601
ENSGMOG00000003613	445
ENSGMOG00000003640	48
ENSGMOG00000003661	10
ENSGMOG00000018486	608
ENSGMOG00000018506	291
ENSGMOG00000018519	110
ENSGMOG00000020286	40
ENSGMOG00000018531	229
ENSGMOG00000018551	718
ENSGMOG00000018566	2120
ENSGMOG00000018593	6640
ENSGMOG00000018632	575
ENSGMOG00000000579	0
ENSGMOG00000000584	42
ENSGMOG00000000597	0
ENSGMOG00000000603	149
ENSGMOG00000000626	1
ENSGMOG00000000632	2042
ENSGMOG00000017909	0
ENSGMOG00000016112	0
ENSGMOG00000016134	4068
ENSGMOG00000001256	0
ENSGMOG00000001271	124
ENSGMOG00000012412	815
ENSGMOG00000012416	1711
ENSGMOG00000012419	766
ENSGMOG00000020602	0
ENSGMOG00000014678	378
ENSGMOG00000014703	16
ENSGMOG00000019288	754
ENSGMOG00000019296	362
ENSGMOG00000019302	11
ENSGMOG00000019316	225
ENSGMOG00000019322	0
ENSGMOG00000001557	1734
ENSGMOG00000001581	574
ENSGMOG00000001590	10
ENSGMOG00000003712	1053
ENSGMOG00000003742	7
ENSGMOG00000004499	333
ENSGMOG00000004518	582
ENSGMOG00000004546	51
ENSGMOG00000004551	1
ENSGMOG00000004573	0
ENSGMOG00000004585	1
ENSGMOG00000004603	2
ENSGMOG00000002146	9
ENSGMOG00000004771	3059
ENSGMOG00000004845	117
ENSGMOG00000004855	151
ENSGMOG00000004879	98
ENSGMOG00000004659	1026
ENSGMOG00000004729	476
ENSGMOG00000004749	34
ENSGMOG00000004761	6074
ENSGMOG00000004783	1272
ENSGMOG00000004807	40
ENSGMOG00000009649	170
ENSGMOG00000009669	133
ENSGMOG00000009712	6
ENSGMOG00000009717	3758
ENSGMOG00000009759	2839
ENSGMOG00000009781	311
ENSGMOG00000009785	109
ENSGMOG00000009802	1016
ENSGMOG00000009398	19
ENSGMOG00000013236	29
ENSGMOG00000013242	5
ENSGMOG00000013249	70
ENSGMOG00000022013	52
ENSGMOG00000013287	3
ENSGMOG00000012978	1567
ENSGMOG00000013016	141
ENSGMOG00000013031	404
ENSGMOG00000014291	1862
ENSGMOG00000014433	195
ENSGMOG00000014464	828
ENSGMOG00000000148	328
ENSGMOG00000000149	29
ENSGMOG00000000153	2
ENSGMOG00000000155	18
ENSGMOG00000021557	0
ENSGMOG00000002667	967
ENSGMOG00000002682	12
ENSGMOG00000002694	928
ENSGMOG00000002716	161
ENSGMOG00000011278	107
ENSGMOG00000011297	5022
ENSGMOG00000011308	6919
ENSGMOG00000011314	81
ENSGMOG00000011322	5354
ENSGMOG00000020138	1
ENSGMOG00000011332	9386
ENSGMOG00000011336	3
ENSGMOG00000011340	0
ENSGMOG00000011344	81
ENSGMOG00000011353	147
ENSGMOG00000011358	18
ENSGMOG00000011361	202
ENSGMOG00000009610	0
ENSGMOG00000009623	3786
ENSGMOG00000009626	504
ENSGMOG00000009705	56
ENSGMOG00000009742	152
ENSGMOG00000009748	505
ENSGMOG00000009794	8
ENSGMOG00000005513	308
ENSGMOG00000003934	112
ENSGMOG00000020036	57
ENSGMOG00000003968	857
ENSGMOG00000004009	40
ENSGMOG00000021039	8
ENSGMOG00000021510	3
ENSGMOG00000004032	1428
ENSGMOG00000004055	150
ENSGMOG00000010100	0
ENSGMOG00000010104	2
ENSGMOG00000010106	204
ENSGMOG00000010112	1
ENSGMOG00000010117	0
ENSGMOG00000012042	599
ENSGMOG00000020580	14
ENSGMOG00000012045	17
ENSGMOG00000009565	542
ENSGMOG00000009572	4
ENSGMOG00000009591	1984
ENSGMOG00000009602	6152
ENSGMOG00000004699	312
ENSGMOG00000004739	141
ENSGMOG00000004755	829
ENSGMOG00000004786	56
ENSGMOG00000004793	760
ENSGMOG00000004852	45
ENSGMOG00000004903	7
ENSGMOG00000004914	0
ENSGMOG00000004939	750
ENSGMOG00000004947	35
ENSGMOG00000004964	4315
ENSGMOG00000002281	2
ENSGMOG00000002304	0
ENSGMOG00000002317	0
ENSGMOG00000002349	0
ENSGMOG00000009732	114
ENSGMOG00000009749	0
ENSGMOG00000009757	0
ENSGMOG00000009763	35
ENSGMOG00000020039	17
ENSGMOG00000003996	1719
ENSGMOG00000010560	92
ENSGMOG00000010614	1616
ENSGMOG00000010658	148
ENSGMOG00000010665	44
ENSGMOG00000018206	2012
ENSGMOG00000018262	51
ENSGMOG00000018281	188
ENSGMOG00000018291	551
ENSGMOG00000018310	503
ENSGMOG00000018334	181
ENSGMOG00000006544	633
ENSGMOG00000014557	199
ENSGMOG00000014602	96
ENSGMOG00000014749	10
ENSGMOG00000000884	327
ENSGMOG00000000958	1399
ENSGMOG00000001069	1724
ENSGMOG00000001094	3
ENSGMOG00000001103	170
ENSGMOG00000001115	4694
ENSGMOG00000005562	200
ENSGMOG00000005576	283
ENSGMOG00000005611	736
ENSGMOG00000005646	0
ENSGMOG00000005661	2
ENSGMOG00000005686	575
ENSGMOG00000005707	556
ENSGMOG00000020456	3
ENSGMOG00000020457	0
ENSGMOG00000005774	1477
ENSGMOG00000005818	0
ENSGMOG00000016017	0
ENSGMOG00000016027	2069
ENSGMOG00000016043	48
ENSGMOG00000016052	1119
ENSGMOG00000016087	415
ENSGMOG00000016105	55
ENSGMOG00000002993	259
ENSGMOG00000003014	221
ENSGMOG00000003024	252
ENSGMOG00000003064	1355
ENSGMOG00000003103	1349
ENSGMOG00000003141	69
ENSGMOG00000000985	442
ENSGMOG00000000999	798
ENSGMOG00000001020	283
ENSGMOG00000009873	4
ENSGMOG00000009889	9601
ENSGMOG00000015296	702
ENSGMOG00000015365	1314
ENSGMOG00000015371	171
ENSGMOG00000015399	593
ENSGMOG00000015423	3289
ENSGMOG00000015439	162
ENSGMOG00000015470	16240
ENSGMOG00000012637	2522
ENSGMOG00000012638	732
ENSGMOG00000012642	681
ENSGMOG00000012644	10044
ENSGMOG00000012645	3
ENSGMOG00000012653	304
ENSGMOG00000012656	0
ENSGMOG00000019904	18
ENSGMOG00000014738	146
ENSGMOG00000014764	301
ENSGMOG00000014789	384
ENSGMOG00000004641	1476
ENSGMOG00000004672	2337
ENSGMOG00000004682	54
ENSGMOG00000004712	297
ENSGMOG00000004728	27
ENSGMOG00000015126	0
ENSGMOG00000019939	0
ENSGMOG00000014477	2
ENSGMOG00000007660	4
ENSGMOG00000007685	693
ENSGMOG00000008086	417
ENSGMOG00000008096	486
ENSGMOG00000008101	34
ENSGMOG00000015912	30
ENSGMOG00000015941	1
ENSGMOG00000015947	47
ENSGMOG00000015961	201
ENSGMOG00000013046	2727
ENSGMOG00000013067	62
ENSGMOG00000013082	162
ENSGMOG00000017460	25
ENSGMOG00000017500	494
ENSGMOG00000017551	370
ENSGMOG00000017565	488
ENSGMOG00000017820	510
ENSGMOG00000017840	2
ENSGMOG00000017855	7
ENSGMOG00000017876	820
ENSGMOG00000017924	592
ENSGMOG00000001730	1
ENSGMOG00000001741	1739
ENSGMOG00000014052	20
ENSGMOG00000014073	999
ENSGMOG00000014127	7
ENSGMOG00000014138	3
ENSGMOG00000014276	22
ENSGMOG00000009156	0
ENSGMOG00000021717	6
ENSGMOG00000020806	2
ENSGMOG00000020972	0
ENSGMOG00000010032	977
ENSGMOG00000020921	3
ENSGMOG00000010039	7475
ENSGMOG00000021147	7
ENSGMOG00000021945	3
ENSGMOG00000021865	11
ENSGMOG00000021698	42
ENSGMOG00000021383	5
ENSGMOG00000010044	2325
ENSGMOG00000010070	12507
ENSGMOG00000009008	28
ENSGMOG00000009057	167
ENSGMOG00000009069	75
ENSGMOG00000009079	1538
ENSGMOG00000016983	482
ENSGMOG00000016991	1147
ENSGMOG00000017007	1368
ENSGMOG00000017022	154
ENSGMOG00000017047	2195
ENSGMOG00000011887	23
ENSGMOG00000011908	5
ENSGMOG00000011912	3842
ENSGMOG00000011923	2401
ENSGMOG00000014889	51
ENSGMOG00000019919	80
ENSGMOG00000009349	9369
ENSGMOG00000009372	49
ENSGMOG00000009376	15
ENSGMOG00000009382	1573
ENSGMOG00000009394	6766
ENSGMOG00000009406	3
ENSGMOG00000009417	91
ENSGMOG00000009429	1382
ENSGMOG00000009440	28
ENSGMOG00000009443	39
ENSGMOG00000009449	488
ENSGMOG00000009463	2494
ENSGMOG00000007218	126
ENSGMOG00000007231	2
ENSGMOG00000007241	0
ENSGMOG00000007248	0
ENSGMOG00000016019	0
ENSGMOG00000016079	0
ENSGMOG00000013514	1
ENSGMOG00000013521	325
ENSGMOG00000013572	463
ENSGMOG00000013602	0
ENSGMOG00000013610	466
ENSGMOG00000013645	3163
ENSGMOG00000020493	1
ENSGMOG00000013379	0
ENSGMOG00000013408	0
ENSGMOG00000000401	945
ENSGMOG00000000412	2664
ENSGMOG00000000420	5471
ENSGMOG00000000428	7
ENSGMOG00000018131	10
ENSGMOG00000009652	139
ENSGMOG00000009660	1028
ENSGMOG00000009680	2
ENSGMOG00000009687	10
ENSGMOG00000009707	124
ENSGMOG00000007043	2
ENSGMOG00000007073	5
ENSGMOG00000007081	16
ENSGMOG00000007084	388
ENSGMOG00000007091	2887
ENSGMOG00000021021	0
ENSGMOG00000013123	381
ENSGMOG00000013173	1
ENSGMOG00000013183	0
ENSGMOG00000021211	2
ENSGMOG00000020484	3168
ENSGMOG00000014961	695
ENSGMOG00000014992	2872
ENSGMOG00000015060	53
ENSGMOG00000015069	687
ENSGMOG00000005981	90
ENSGMOG00000005986	3240
ENSGMOG00000006014	592
ENSGMOG00000012996	15
ENSGMOG00000009947	2
ENSGMOG00000010016	0
ENSGMOG00000010037	0
ENSGMOG00000010251	114
ENSGMOG00000010266	1047
ENSGMOG00000000550	6
ENSGMOG00000004140	2614
ENSGMOG00000004171	440
ENSGMOG00000004192	0
ENSGMOG00000004240	2160
ENSGMOG00000004297	369
ENSGMOG00000001234	0
ENSGMOG00000019950	49
ENSGMOG00000001243	0
ENSGMOG00000001248	3
ENSGMOG00000007817	125
ENSGMOG00000007820	4
ENSGMOG00000002635	3
ENSGMOG00000002688	1090
ENSGMOG00000002697	7
ENSGMOG00000002707	2184
ENSGMOG00000002726	47
ENSGMOG00000017397	0
ENSGMOG00000017418	0
ENSGMOG00000017425	4
ENSGMOG00000017437	52
ENSGMOG00000001003	4332
ENSGMOG00000001006	77
ENSGMOG00000001038	1607
ENSGMOG00000001065	176
ENSGMOG00000001073	131
ENSGMOG00000001081	3856
ENSGMOG00000001117	193
ENSGMOG00000001126	127
ENSGMOG00000009269	5
ENSGMOG00000002279	0
ENSGMOG00000016773	173
ENSGMOG00000016806	129
ENSGMOG00000020396	0
ENSGMOG00000007983	603
ENSGMOG00000007992	9
ENSGMOG00000008002	403
ENSGMOG00000008010	0
ENSGMOG00000009392	2381
ENSGMOG00000009401	3
ENSGMOG00000018412	22
ENSGMOG00000018461	34
ENSGMOG00000018477	540
ENSGMOG00000018489	20
ENSGMOG00000018508	383
ENSGMOG00000018529	47
ENSGMOG00000020281	116
ENSGMOG00000018550	216
ENSGMOG00000018563	37
ENSGMOG00000018595	6530
ENSGMOG00000018675	642
ENSGMOG00000020282	621
ENSGMOG00000002315	894
ENSGMOG00000002341	672
ENSGMOG00000002441	136
ENSGMOG00000002478	0
ENSGMOG00000002495	0
ENSGMOG00000002536	337
ENSGMOG00000009207	146
ENSGMOG00000009219	651
ENSGMOG00000009229	1324
ENSGMOG00000014684	728
ENSGMOG00000015490	1186
ENSGMOG00000015510	58
ENSGMOG00000015542	566
ENSGMOG00000015581	153
ENSGMOG00000015599	246
ENSGMOG00000015605	132
ENSGMOG00000015629	603
ENSGMOG00000015639	0
ENSGMOG00000015650	162
ENSGMOG00000015663	255
ENSGMOG00000005720	36
ENSGMOG00000019192	77
ENSGMOG00000007779	1925
ENSGMOG00000007893	4109
ENSGMOG00000007900	11
ENSGMOG00000007907	51
ENSGMOG00000007914	0
ENSGMOG00000007916	409
ENSGMOG00000007922	5744
ENSGMOG00000016380	334
ENSGMOG00000016416	122445
ENSGMOG00000016438	564
ENSGMOG00000015673	191
ENSGMOG00000003793	320
ENSGMOG00000003810	6
ENSGMOG00000003823	606
ENSGMOG00000003832	4
ENSGMOG00000003874	0
ENSGMOG00000003888	0
ENSGMOG00000021653	0
ENSGMOG00000003092	135
ENSGMOG00000003108	130
ENSGMOG00000003118	12050
ENSGMOG00000003124	691
ENSGMOG00000004946	1968
ENSGMOG00000014972	1709
ENSGMOG00000014987	2095
ENSGMOG00000015053	153
ENSGMOG00000015174	1487
ENSGMOG00000015190	170
ENSGMOG00000015228	315
ENSGMOG00000015257	729
ENSGMOG00000015282	205
ENSGMOG00000021655	6
ENSGMOG00000015302	584
ENSGMOG00000002475	1068
ENSGMOG00000002498	322
ENSGMOG00000016283	35
ENSGMOG00000016296	2317
ENSGMOG00000016311	2399
ENSGMOG00000016322	2570
ENSGMOG00000017660	0
ENSGMOG00000017687	4226
ENSGMOG00000017708	918
ENSGMOG00000012385	3
ENSGMOG00000003729	58
ENSGMOG00000003751	16
ENSGMOG00000003790	159
ENSGMOG00000012781	584
ENSGMOG00000012785	753
ENSGMOG00000012793	0
ENSGMOG00000012799	0
ENSGMOG00000019184	1481
ENSGMOG00000019187	1383
ENSGMOG00000019199	10
ENSGMOG00000012913	40
ENSGMOG00000020474	36
ENSGMOG00000012924	0
ENSGMOG00000017243	1
ENSGMOG00000017259	127
ENSGMOG00000017276	282
ENSGMOG00000017296	4649
ENSGMOG00000017326	13
ENSGMOG00000001859	1
ENSGMOG00000012714	498
ENSGMOG00000012719	904
ENSGMOG00000022031	0
ENSGMOG00000017610	4
ENSGMOG00000017721	96
ENSGMOG00000019088	477
ENSGMOG00000019106	1
ENSGMOG00000019120	4205
ENSGMOG00000019148	44
ENSGMOG00000003513	97
ENSGMOG00000003587	195
ENSGMOG00000003627	23135
ENSGMOG00000022136	3
ENSGMOG00000003638	1937
ENSGMOG00000003651	330
ENSGMOG00000003706	3
ENSGMOG00000003731	117
ENSGMOG00000003743	46
ENSGMOG00000003765	0
ENSGMOG00000003854	228
ENSGMOG00000003889	115
ENSGMOG00000010045	1465
ENSGMOG00000010078	494
ENSGMOG00000018300	566
ENSGMOG00000018319	3684
ENSGMOG00000018332	7514
ENSGMOG00000018351	1101
ENSGMOG00000018373	495
ENSGMOG00000018030	77
ENSGMOG00000018037	2
ENSGMOG00000018106	103
ENSGMOG00000020268	0
ENSGMOG00000018135	123
ENSGMOG00000003046	195
ENSGMOG00000003063	27042
ENSGMOG00000003171	460
ENSGMOG00000003183	9
ENSGMOG00000003206	0
ENSGMOG00000016615	427
ENSGMOG00000016647	122
ENSGMOG00000016683	1980
ENSGMOG00000016699	143
ENSGMOG00000016706	237
ENSGMOG00000016732	22
ENSGMOG00000016751	267
ENSGMOG00000016759	48
ENSGMOG00000016779	432
ENSGMOG00000016792	6
ENSGMOG00000011343	1225
ENSGMOG00000011350	23
ENSGMOG00000011389	207
ENSGMOG00000011393	16
ENSGMOG00000011407	7
ENSGMOG00000008794	8
ENSGMOG00000022153	0
ENSGMOG00000021299	1
ENSGMOG00000008809	15
ENSGMOG00000008819	0
ENSGMOG00000001772	62
ENSGMOG00000001776	428
ENSGMOG00000002053	32
ENSGMOG00000002098	0
ENSGMOG00000002106	249
ENSGMOG00000015705	3
ENSGMOG00000015750	218
ENSGMOG00000001980	0
ENSGMOG00000002004	954
ENSGMOG00000002021	3796
ENSGMOG00000022063	0
ENSGMOG00000000240	1472
ENSGMOG00000000244	364
ENSGMOG00000000253	212
ENSGMOG00000000257	111
ENSGMOG00000000259	1386
ENSGMOG00000000263	0
ENSGMOG00000000278	2702
ENSGMOG00000000282	1
ENSGMOG00000004207	6118
ENSGMOG00000004223	0
ENSGMOG00000005656	789
ENSGMOG00000001157	0
ENSGMOG00000001168	1303
ENSGMOG00000001197	47
ENSGMOG00000001229	0
ENSGMOG00000001238	30
ENSGMOG00000001259	252
ENSGMOG00000001275	7882
ENSGMOG00000001317	41914
ENSGMOG00000001331	1369
ENSGMOG00000001343	162
ENSGMOG00000001349	4
ENSGMOG00000001357	2470
ENSGMOG00000001377	876
ENSGMOG00000001412	0
ENSGMOG00000019509	0
ENSGMOG00000020008	30
ENSGMOG00000020009	0
ENSGMOG00000016567	153
ENSGMOG00000016731	33
ENSGMOG00000016807	312
ENSGMOG00000016839	0
ENSGMOG00000008587	5
ENSGMOG00000008596	0
ENSGMOG00000008603	0
ENSGMOG00000008610	66
ENSGMOG00000019848	40
ENSGMOG00000008619	6
ENSGMOG00000008630	246
ENSGMOG00000008643	1959
ENSGMOG00000008669	65
ENSGMOG00000000511	3570
ENSGMOG00000000532	2896
ENSGMOG00000014490	4
ENSGMOG00000006446	864
ENSGMOG00000006461	117
ENSGMOG00000006471	439
ENSGMOG00000006479	994
ENSGMOG00000006527	111
ENSGMOG00000002502	995
ENSGMOG00000002678	17953
ENSGMOG00000002690	475
ENSGMOG00000002718	2254
ENSGMOG00000019741	95
ENSGMOG00000003730	864
ENSGMOG00000007809	34
ENSGMOG00000007815	2
ENSGMOG00000007819	20777
ENSGMOG00000007824	0
ENSGMOG00000007828	2
ENSGMOG00000007832	1
ENSGMOG00000007852	29
ENSGMOG00000007861	4766
ENSGMOG00000007870	0
ENSGMOG00000007875	208
ENSGMOG00000007880	1358
ENSGMOG00000007886	144
ENSGMOG00000007892	1222
ENSGMOG00000007908	0
ENSGMOG00000009876	16
ENSGMOG00000016271	0
ENSGMOG00000016290	3043
ENSGMOG00000016317	158
ENSGMOG00000016341	0
ENSGMOG00000015375	418
ENSGMOG00000018585	1
ENSGMOG00000018599	418
ENSGMOG00000018612	1266
ENSGMOG00000017666	640
ENSGMOG00000013961	251
ENSGMOG00000021023	1
ENSGMOG00000014000	1313
ENSGMOG00000014036	195
ENSGMOG00000002321	309
ENSGMOG00000002381	1091
ENSGMOG00000002393	2317
ENSGMOG00000002408	98
ENSGMOG00000012685	89
ENSGMOG00000012690	0
ENSGMOG00000001433	1420
ENSGMOG00000001478	585
ENSGMOG00000008908	0
ENSGMOG00000016399	166
ENSGMOG00000018352	251
ENSGMOG00000018367	7
ENSGMOG00000018397	1622
ENSGMOG00000018418	559
ENSGMOG00000018440	5361
ENSGMOG00000018533	6648
ENSGMOG00000016212	6463
ENSGMOG00000016279	4883
ENSGMOG00000016295	622
ENSGMOG00000016312	275
ENSGMOG00000016937	1431
ENSGMOG00000016968	391
ENSGMOG00000016973	0
ENSGMOG00000016984	5284
ENSGMOG00000017014	108
ENSGMOG00000017023	609
ENSGMOG00000010098	29
ENSGMOG00000004018	446
ENSGMOG00000004059	2
ENSGMOG00000004091	622
ENSGMOG00000004105	594
ENSGMOG00000004149	6
ENSGMOG00000004495	771
ENSGMOG00000004525	2377
ENSGMOG00000012992	55
ENSGMOG00000020477	19
ENSGMOG00000013005	139
ENSGMOG00000017415	583
ENSGMOG00000009296	480
ENSGMOG00000009305	261
ENSGMOG00000009307	0
ENSGMOG00000009318	0
ENSGMOG00000009324	1
ENSGMOG00000009457	1348
ENSGMOG00000009467	2066
ENSGMOG00000009483	1849
ENSGMOG00000009484	293
ENSGMOG00000014296	201
ENSGMOG00000014333	12
ENSGMOG00000014373	17
ENSGMOG00000014385	16
ENSGMOG00000014393	0
ENSGMOG00000014418	0
ENSGMOG00000020377	28
ENSGMOG00000013516	0
ENSGMOG00000013520	0
ENSGMOG00000013560	107
ENSGMOG00000013595	1379
ENSGMOG00000013653	204
ENSGMOG00000013666	24
ENSGMOG00000013698	264
ENSGMOG00000013713	858
ENSGMOG00000013728	73
ENSGMOG00000019472	1
ENSGMOG00000019477	134
ENSGMOG00000019487	21
ENSGMOG00000019491	6
ENSGMOG00000003791	3
ENSGMOG00000003794	8
ENSGMOG00000003811	0
ENSGMOG00000019114	109
ENSGMOG00000019122	3
ENSGMOG00000019131	4
ENSGMOG00000019139	6
ENSGMOG00000019145	315
ENSGMOG00000019151	689
ENSGMOG00000019156	277
ENSGMOG00000020308	1
ENSGMOG00000011623	2131
ENSGMOG00000011630	374
ENSGMOG00000011648	153
ENSGMOG00000017123	571
ENSGMOG00000017133	2507
ENSGMOG00000017541	12
ENSGMOG00000016355	780
ENSGMOG00000006550	1225
ENSGMOG00000006556	57
ENSGMOG00000006564	749
ENSGMOG00000006591	762
ENSGMOG00000015999	74
ENSGMOG00000016004	158
ENSGMOG00000016029	2626
ENSGMOG00000016036	1
ENSGMOG00000016051	992
ENSGMOG00000018861	0
ENSGMOG00000018867	4
ENSGMOG00000020930	0
ENSGMOG00000012763	274
ENSGMOG00000011196	491
ENSGMOG00000011201	71
ENSGMOG00000011209	188
ENSGMOG00000011219	67024
ENSGMOG00000021605	1
ENSGMOG00000011227	232
ENSGMOG00000011235	40998
ENSGMOG00000011265	0
ENSGMOG00000011269	1726
ENSGMOG00000011275	21
ENSGMOG00000011287	4283
ENSGMOG00000016320	0
ENSGMOG00000020356	0
ENSGMOG00000016333	1224
ENSGMOG00000016382	991
ENSGMOG00000020359	0
ENSGMOG00000016402	279
ENSGMOG00000016410	2301
ENSGMOG00000016458	0
ENSGMOG00000016564	156
ENSGMOG00000016574	12
ENSGMOG00000016587	64
ENSGMOG00000016598	10
ENSGMOG00000016609	2392
ENSGMOG00000002818	0
ENSGMOG00000002849	273
ENSGMOG00000000375	33
ENSGMOG00000000400	797
ENSGMOG00000005423	401
ENSGMOG00000011532	892
ENSGMOG00000013906	15
ENSGMOG00000013968	447
ENSGMOG00000013987	602
ENSGMOG00000014014	173
ENSGMOG00000014035	440
ENSGMOG00000014076	2286
ENSGMOG00000014110	1
ENSGMOG00000009183	0
ENSGMOG00000009203	330
ENSGMOG00000009215	0
ENSGMOG00000009222	191
ENSGMOG00000019798	2
ENSGMOG00000016827	10
ENSGMOG00000016834	421
ENSGMOG00000016844	1307
ENSGMOG00000006902	564
ENSGMOG00000006914	41
ENSGMOG00000006932	1
ENSGMOG00000006944	1616
ENSGMOG00000006966	498
ENSGMOG00000006975	120
ENSGMOG00000011342	1
ENSGMOG00000011348	154
ENSGMOG00000011370	91
ENSGMOG00000011378	326
ENSGMOG00000011383	1951
ENSGMOG00000007990	1660
ENSGMOG00000008000	105
ENSGMOG00000008006	193
ENSGMOG00000008009	1029
ENSGMOG00000008019	441
ENSGMOG00000008023	2813
ENSGMOG00000016741	165
ENSGMOG00000020712	0
ENSGMOG00000021189	12
ENSGMOG00000016769	218
ENSGMOG00000016786	129
ENSGMOG00000016794	553
ENSGMOG00000016815	388
ENSGMOG00000016848	2
ENSGMOG00000016857	364
ENSGMOG00000016868	1375
ENSGMOG00000016885	16276
ENSGMOG00000017371	10
ENSGMOG00000017385	757
ENSGMOG00000017396	1970
ENSGMOG00000017413	185
ENSGMOG00000013887	0
ENSGMOG00000020079	0
ENSGMOG00000018591	5793
ENSGMOG00000018636	604
ENSGMOG00000018646	3
ENSGMOG00000018763	0
ENSGMOG00000018768	801
ENSGMOG00000018935	32
ENSGMOG00000018939	1053
ENSGMOG00000016928	1061
ENSGMOG00000016975	1154
ENSGMOG00000016987	1741
ENSGMOG00000017020	0
ENSGMOG00000017065	3
ENSGMOG00000001509	0
ENSGMOG00000017904	915
ENSGMOG00000017937	79
ENSGMOG00000017944	594
ENSGMOG00000012802	78
ENSGMOG00000006960	0
ENSGMOG00000006968	120
ENSGMOG00000006977	157
ENSGMOG00000006995	3668
ENSGMOG00000007003	40
ENSGMOG00000017564	77
ENSGMOG00000017595	0
ENSGMOG00000015329	179
ENSGMOG00000015336	699
ENSGMOG00000015352	205
ENSGMOG00000013323	310
ENSGMOG00000013361	83
ENSGMOG00000013371	0
ENSGMOG00000013375	274
ENSGMOG00000013412	67
ENSGMOG00000013450	97
ENSGMOG00000013531	6
ENSGMOG00000013546	16
ENSGMOG00000013558	0
ENSGMOG00000018369	3594
ENSGMOG00000018443	1208
ENSGMOG00000018455	161
ENSGMOG00000020280	145
ENSGMOG00000018469	188
ENSGMOG00000018482	733
ENSGMOG00000018505	5
ENSGMOG00000018532	380
ENSGMOG00000017098	419
ENSGMOG00000004509	891
ENSGMOG00000006538	113
ENSGMOG00000004108	70
ENSGMOG00000004166	16
ENSGMOG00000004180	9
ENSGMOG00000004269	19179
ENSGMOG00000004291	963
ENSGMOG00000004339	0
ENSGMOG00000020045	17
ENSGMOG00000004366	1713
ENSGMOG00000000416	2804
ENSGMOG00000000435	683
ENSGMOG00000000449	174
ENSGMOG00000000459	13595
ENSGMOG00000005002	88
ENSGMOG00000005125	1
ENSGMOG00000005164	1076
ENSGMOG00000018409	3208
ENSGMOG00000018431	341
ENSGMOG00000018448	472
ENSGMOG00000007224	7
ENSGMOG00000006499	22
ENSGMOG00000005261	43808
ENSGMOG00000002659	0
ENSGMOG00000002679	0
ENSGMOG00000002689	383
ENSGMOG00000002723	8
ENSGMOG00000019511	34021
ENSGMOG00000019514	4
ENSGMOG00000019516	637
ENSGMOG00000019523	707
ENSGMOG00000019525	216
ENSGMOG00000019527	628
ENSGMOG00000019537	174
ENSGMOG00000001447	44
ENSGMOG00000000639	3120
ENSGMOG00000000658	17
ENSGMOG00000007185	7
ENSGMOG00000007203	6
ENSGMOG00000009330	9
ENSGMOG00000000875	2
ENSGMOG00000021391	0
ENSGMOG00000013395	1149
ENSGMOG00000015284	0
ENSGMOG00000015292	0
ENSGMOG00000015328	4
ENSGMOG00000015354	11610
ENSGMOG00000015368	662
ENSGMOG00000001046	540
ENSGMOG00000001273	264
ENSGMOG00000001297	18
ENSGMOG00000001313	1716
ENSGMOG00000008439	20
ENSGMOG00000008442	4
ENSGMOG00000020412	1
ENSGMOG00000013526	218
ENSGMOG00000013538	1435
ENSGMOG00000013545	29
ENSGMOG00000021063	0
ENSGMOG00000013574	40
ENSGMOG00000020446	110
ENSGMOG00000005377	8
ENSGMOG00000005431	307
ENSGMOG00000005472	742
ENSGMOG00000005487	127
ENSGMOG00000005500	8691
ENSGMOG00000005527	0
ENSGMOG00000005632	285
ENSGMOG00000009384	0
ENSGMOG00000009419	246
ENSGMOG00000008136	2542
ENSGMOG00000008139	3181
ENSGMOG00000008144	1983
ENSGMOG00000008147	4537
ENSGMOG00000008151	649
ENSGMOG00000003231	148
ENSGMOG00000003287	211
ENSGMOG00000003316	140
ENSGMOG00000003369	364
ENSGMOG00000003383	373
ENSGMOG00000003417	354
ENSGMOG00000011900	1683
ENSGMOG00000011905	2715
ENSGMOG00000011916	245
ENSGMOG00000011920	244
ENSGMOG00000011929	185
ENSGMOG00000006531	0
ENSGMOG00000006537	8
ENSGMOG00000006551	362
ENSGMOG00000006583	1
ENSGMOG00000009523	1042
ENSGMOG00000021090	9
ENSGMOG00000009534	242
ENSGMOG00000009576	289
ENSGMOG00000009589	0
ENSGMOG00000008272	49
ENSGMOG00000008276	2265
ENSGMOG00000008281	590
ENSGMOG00000008284	840
ENSGMOG00000008286	2775
ENSGMOG00000000897	1
ENSGMOG00000000921	27
ENSGMOG00000013759	1456
ENSGMOG00000013823	671
ENSGMOG00000013832	8539
ENSGMOG00000020065	2
ENSGMOG00000015612	460
ENSGMOG00000015626	2
ENSGMOG00000019500	3
ENSGMOG00000001952	86
ENSGMOG00000001981	114
ENSGMOG00000001986	1
ENSGMOG00000000299	4
ENSGMOG00000019766	18
ENSGMOG00000000306	9
ENSGMOG00000000314	8309
ENSGMOG00000008404	440
ENSGMOG00000008405	98
ENSGMOG00000008407	3
ENSGMOG00000008410	46
ENSGMOG00000008413	3915
ENSGMOG00000008415	4742
ENSGMOG00000008417	1
ENSGMOG00000000806	48
ENSGMOG00000000822	4
ENSGMOG00000010683	251
ENSGMOG00000015897	6
ENSGMOG00000020329	0
ENSGMOG00000016170	0
ENSGMOG00000016174	636
ENSGMOG00000016214	15
ENSGMOG00000016229	0
ENSGMOG00000016239	1
ENSGMOG00000016246	0
ENSGMOG00000010013	6169
ENSGMOG00000010021	1
ENSGMOG00000010029	6434
ENSGMOG00000013326	9
ENSGMOG00000013333	0
ENSGMOG00000013336	21
ENSGMOG00000013352	76
ENSGMOG00000013356	167
ENSGMOG00000012826	323
ENSGMOG00000012839	74
ENSGMOG00000012847	215
ENSGMOG00000013630	18
ENSGMOG00000013680	393
ENSGMOG00000009845	44
ENSGMOG00000009859	358
ENSGMOG00000009864	1724
ENSGMOG00000011299	94
ENSGMOG00000008879	9230
ENSGMOG00000008996	3177
ENSGMOG00000009114	100
ENSGMOG00000009131	223
ENSGMOG00000019136	303
ENSGMOG00000019144	220
ENSGMOG00000019154	6
ENSGMOG00000005675	201
ENSGMOG00000005690	17
ENSGMOG00000008044	10
ENSGMOG00000008046	257
ENSGMOG00000008051	184
ENSGMOG00000005526	276
ENSGMOG00000001723	1
ENSGMOG00000017525	2362
ENSGMOG00000017569	204
ENSGMOG00000019832	32
ENSGMOG00000017579	33
ENSGMOG00000017593	1
ENSGMOG00000017603	4
ENSGMOG00000017624	857
ENSGMOG00000000789	1
ENSGMOG00000000821	0
ENSGMOG00000010280	2365
ENSGMOG00000010294	12
ENSGMOG00000010300	375
ENSGMOG00000010308	125
ENSGMOG00000010317	2479
ENSGMOG00000010332	87
ENSGMOG00000010341	0
ENSGMOG00000010351	1
ENSGMOG00000010369	64411
ENSGMOG00000010388	0
ENSGMOG00000010393	199
ENSGMOG00000021052	6
ENSGMOG00000009516	755
ENSGMOG00000009531	114
ENSGMOG00000009537	775
ENSGMOG00000009554	262
ENSGMOG00000009566	1704
ENSGMOG00000009989	558
ENSGMOG00000009998	0
ENSGMOG00000021762	0
ENSGMOG00000008792	449
ENSGMOG00000010159	1381
ENSGMOG00000010173	337
ENSGMOG00000016114	0
ENSGMOG00000016125	1
ENSGMOG00000016146	951
ENSGMOG00000016163	216
ENSGMOG00000016200	461
ENSGMOG00000016233	1479
ENSGMOG00000008712	0
ENSGMOG00000005018	0
ENSGMOG00000005037	0
ENSGMOG00000005054	0
ENSGMOG00000005063	0
ENSGMOG00000005089	539
ENSGMOG00000015648	146
ENSGMOG00000006262	83
ENSGMOG00000006294	6
ENSGMOG00000006316	135
ENSGMOG00000006326	218
ENSGMOG00000000200	2
ENSGMOG00000000214	0
ENSGMOG00000000225	0
ENSGMOG00000000230	34
ENSGMOG00000014500	0
ENSGMOG00000014517	1
ENSGMOG00000014615	5
ENSGMOG00000004588	1593
ENSGMOG00000012979	16
ENSGMOG00000017449	115
ENSGMOG00000017455	2653
ENSGMOG00000017481	5828
ENSGMOG00000017502	3132
ENSGMOG00000000975	7
ENSGMOG00000001167	154
ENSGMOG00000001204	2
ENSGMOG00000007687	69
ENSGMOG00000003962	118
ENSGMOG00000003980	450
ENSGMOG00000004015	3356
ENSGMOG00000019872	0
ENSGMOG00000008992	2875
ENSGMOG00000009006	363
ENSGMOG00000009018	88
ENSGMOG00000009030	327
ENSGMOG00000006296	0
ENSGMOG00000006303	789
ENSGMOG00000006341	197
ENSGMOG00000006361	8
ENSGMOG00000006371	8634
ENSGMOG00000006379	1
ENSGMOG00000006384	0
ENSGMOG00000013324	32
ENSGMOG00000013334	768
ENSGMOG00000013357	981
ENSGMOG00000013366	916
ENSGMOG00000013399	0
ENSGMOG00000013407	21
ENSGMOG00000013415	53
ENSGMOG00000013423	4685
ENSGMOG00000013431	538
ENSGMOG00000013434	47
ENSGMOG00000013441	13
ENSGMOG00000021235	0
ENSGMOG00000013876	139
ENSGMOG00000020077	0
ENSGMOG00000013886	18348
ENSGMOG00000013907	79
ENSGMOG00000013944	0
ENSGMOG00000020078	2
ENSGMOG00000009984	2951
ENSGMOG00000010019	668
ENSGMOG00000010026	0
ENSGMOG00000010062	1022
ENSGMOG00000010745	289
ENSGMOG00000010761	3
ENSGMOG00000010772	0
ENSGMOG00000010827	1115
ENSGMOG00000015140	44
ENSGMOG00000015152	423
ENSGMOG00000015212	22
ENSGMOG00000019055	0
ENSGMOG00000019062	0
ENSGMOG00000007065	127
ENSGMOG00000007074	5
ENSGMOG00000011879	12
ENSGMOG00000011890	0
ENSGMOG00000016736	331
ENSGMOG00000016749	742
ENSGMOG00000016767	916
ENSGMOG00000018346	20
ENSGMOG00000018378	39
ENSGMOG00000018417	0
ENSGMOG00000008550	3
ENSGMOG00000008560	0
ENSGMOG00000008571	3
ENSGMOG00000008575	8
ENSGMOG00000008578	2078
ENSGMOG00000008584	1674
ENSGMOG00000010374	0
ENSGMOG00000010379	1
ENSGMOG00000010386	209
ENSGMOG00000010396	2618
ENSGMOG00000010421	5
ENSGMOG00000010427	1302
ENSGMOG00000010444	391
ENSGMOG00000010454	104
ENSGMOG00000010587	176
ENSGMOG00000014319	251
ENSGMOG00000014350	389
ENSGMOG00000014368	466
ENSGMOG00000014419	4
ENSGMOG00000005617	111
ENSGMOG00000003689	238
ENSGMOG00000003709	1274
ENSGMOG00000003812	0
ENSGMOG00000003835	1
ENSGMOG00000012779	161
ENSGMOG00000012787	1296
ENSGMOG00000020467	614
ENSGMOG00000007083	0
ENSGMOG00000007098	21
ENSGMOG00000012611	1
ENSGMOG00000003877	83
ENSGMOG00000015032	476
ENSGMOG00000015091	230
ENSGMOG00000015098	708
ENSGMOG00000012946	0
ENSGMOG00000007539	1238
ENSGMOG00000009118	19
ENSGMOG00000009140	171
ENSGMOG00000010424	163
ENSGMOG00000010450	0
ENSGMOG00000000390	12
ENSGMOG00000000397	1057
ENSGMOG00000006664	1364
ENSGMOG00000002198	6
ENSGMOG00000002242	479
ENSGMOG00000002292	998
ENSGMOG00000002338	3
ENSGMOG00000002366	25
ENSGMOG00000016254	1
ENSGMOG00000005332	2380
ENSGMOG00000005336	553
ENSGMOG00000005346	100
ENSGMOG00000005349	3
ENSGMOG00000005402	85
ENSGMOG00000005667	57
ENSGMOG00000016061	0
ENSGMOG00000016075	222
ENSGMOG00000014781	1
ENSGMOG00000014808	92
ENSGMOG00000013290	21
ENSGMOG00000013372	0
ENSGMOG00000015428	622
ENSGMOG00000000522	65
ENSGMOG00000004704	1577
ENSGMOG00000018071	21
ENSGMOG00000009496	523
ENSGMOG00000009510	0
ENSGMOG00000003407	49
ENSGMOG00000003418	151
ENSGMOG00000003430	46
ENSGMOG00000003460	57
ENSGMOG00000007836	404
ENSGMOG00000020391	2
ENSGMOG00000007841	485
ENSGMOG00000007845	416
ENSGMOG00000007847	272
ENSGMOG00000017795	243
ENSGMOG00000003531	43
ENSGMOG00000009797	2512
ENSGMOG00000009807	767
ENSGMOG00000009814	110
ENSGMOG00000009817	33
ENSGMOG00000020516	48
ENSGMOG00000009818	0
ENSGMOG00000015493	387
ENSGMOG00000015608	793
ENSGMOG00000015625	221
ENSGMOG00000015674	2014
ENSGMOG00000015700	5
ENSGMOG00000018883	423
ENSGMOG00000018901	0
ENSGMOG00000018914	944
ENSGMOG00000000718	3317
ENSGMOG00000000099	197
ENSGMOG00000000104	179
ENSGMOG00000000111	328
ENSGMOG00000000118	1745
ENSGMOG00000021668	2
ENSGMOG00000021201	3
ENSGMOG00000000124	67
ENSGMOG00000008544	21
ENSGMOG00000008553	56
ENSGMOG00000008563	161
ENSGMOG00000014241	0
ENSGMOG00000011597	515
ENSGMOG00000011608	2745
ENSGMOG00000011615	208
ENSGMOG00000011617	769
ENSGMOG00000011618	2204
ENSGMOG00000011633	941
ENSGMOG00000015011	155
ENSGMOG00000015055	615
ENSGMOG00000015082	257
ENSGMOG00000015093	689
ENSGMOG00000015137	1707
ENSGMOG00000015175	3
ENSGMOG00000014536	33
ENSGMOG00000014558	7572
ENSGMOG00000014580	20
ENSGMOG00000017964	4738
ENSGMOG00000017985	257
ENSGMOG00000018001	18
ENSGMOG00000018022	9
ENSGMOG00000018036	351
ENSGMOG00000018062	26
ENSGMOG00000018083	22
ENSGMOG00000019398	0
ENSGMOG00000019400	0
ENSGMOG00000011544	1
ENSGMOG00000011550	5
ENSGMOG00000011559	738
ENSGMOG00000011570	276
ENSGMOG00000011575	4
ENSGMOG00000011580	1553
ENSGMOG00000011587	176
ENSGMOG00000011606	514
ENSGMOG00000011612	81
ENSGMOG00000011621	879
ENSGMOG00000011631	1465
ENSGMOG00000011641	0
ENSGMOG00000018658	0
ENSGMOG00000006283	214
ENSGMOG00000006309	0
ENSGMOG00000006319	2017
ENSGMOG00000006336	0
ENSGMOG00000008844	0
ENSGMOG00000008854	51
ENSGMOG00000008887	0
ENSGMOG00000001984	315
ENSGMOG00000001999	1216
ENSGMOG00000002024	426
ENSGMOG00000017903	286
ENSGMOG00000017932	4
ENSGMOG00000017947	0
ENSGMOG00000017948	171
ENSGMOG00000018100	0
ENSGMOG00000018110	0
ENSGMOG00000018111	0
ENSGMOG00000018138	0
ENSGMOG00000018143	0
ENSGMOG00000018153	0
ENSGMOG00000019863	0
ENSGMOG00000020264	0
ENSGMOG00000017120	2
ENSGMOG00000017135	3818
ENSGMOG00000001958	2024
ENSGMOG00000002061	0
ENSGMOG00000002070	0
ENSGMOG00000006329	7
ENSGMOG00000006343	124
ENSGMOG00000004200	457
ENSGMOG00000004241	203
ENSGMOG00000005000	0
ENSGMOG00000005064	1054
ENSGMOG00000005120	218
ENSGMOG00000005165	304
ENSGMOG00000002557	3
ENSGMOG00000002567	235
ENSGMOG00000002592	270
ENSGMOG00000002691	0
ENSGMOG00000010476	2
ENSGMOG00000010507	0
ENSGMOG00000004836	53
ENSGMOG00000004859	0
ENSGMOG00000004866	12
ENSGMOG00000020063	573
ENSGMOG00000004869	0
ENSGMOG00000004876	0
ENSGMOG00000020414	18
ENSGMOG00000000399	77
ENSGMOG00000000410	0
ENSGMOG00000000419	161
ENSGMOG00000019774	4
ENSGMOG00000019776	3
ENSGMOG00000000442	117
ENSGMOG00000011008	641
ENSGMOG00000020837	3
ENSGMOG00000020982	2
ENSGMOG00000021719	0
ENSGMOG00000021916	1
ENSGMOG00000021564	21
ENSGMOG00000020761	2
ENSGMOG00000020649	0
ENSGMOG00000021421	5
ENSGMOG00000011019	261
ENSGMOG00000011030	345
ENSGMOG00000011038	44
ENSGMOG00000013438	1036
ENSGMOG00000013457	191
ENSGMOG00000013468	867
ENSGMOG00000021019	0
ENSGMOG00000013474	1
ENSGMOG00000013483	1
ENSGMOG00000013487	0
ENSGMOG00000005405	444
ENSGMOG00000005457	27
ENSGMOG00000005542	123
ENSGMOG00000016536	390
ENSGMOG00000016640	1841
ENSGMOG00000016652	312
ENSGMOG00000003556	177
ENSGMOG00000005354	181
ENSGMOG00000005362	311
ENSGMOG00000005374	173
ENSGMOG00000009597	0
ENSGMOG00000003827	4807
ENSGMOG00000003845	425
ENSGMOG00000003859	1
ENSGMOG00000004898	160
ENSGMOG00000004916	927
ENSGMOG00000004970	0
ENSGMOG00000004990	460
ENSGMOG00000001173	1
ENSGMOG00000001199	221
ENSGMOG00000001216	164
ENSGMOG00000018261	2
ENSGMOG00000018268	4497
ENSGMOG00000018292	420
ENSGMOG00000014485	0
ENSGMOG00000014589	11
ENSGMOG00000014818	0
ENSGMOG00000014895	0
ENSGMOG00000014349	367
ENSGMOG00000014379	6
ENSGMOG00000009643	4
ENSGMOG00000009654	615
ENSGMOG00000009677	232
ENSGMOG00000009685	224
ENSGMOG00000009714	3523
ENSGMOG00000001232	4
ENSGMOG00000004782	4
ENSGMOG00000004814	1170
ENSGMOG00000004823	11185
ENSGMOG00000004858	3252
ENSGMOG00000004889	638
ENSGMOG00000004902	131
ENSGMOG00000004963	119
ENSGMOG00000014812	10
ENSGMOG00000001201	0
ENSGMOG00000001300	621
ENSGMOG00000001320	1538
ENSGMOG00000001339	19
ENSGMOG00000014975	534
ENSGMOG00000003703	65
ENSGMOG00000003725	9548
ENSGMOG00000003736	8914
ENSGMOG00000003755	1428
ENSGMOG00000003770	59
ENSGMOG00000003781	171
ENSGMOG00000003806	6
ENSGMOG00000003837	0
ENSGMOG00000019739	6
ENSGMOG00000003857	214
ENSGMOG00000003893	7
ENSGMOG00000019740	446
ENSGMOG00000015891	214
ENSGMOG00000015915	964
ENSGMOG00000015960	565
ENSGMOG00000015978	0
ENSGMOG00000015989	1384
ENSGMOG00000010441	4
ENSGMOG00000007093	15
ENSGMOG00000009471	3
ENSGMOG00000009481	509
ENSGMOG00000009486	214
ENSGMOG00000020005	1
ENSGMOG00000019478	6
ENSGMOG00000019479	5934
ENSGMOG00000019483	386
ENSGMOG00000001724	5
ENSGMOG00000002060	6
ENSGMOG00000002071	1153
ENSGMOG00000002100	26
ENSGMOG00000002128	276
ENSGMOG00000021589	0
ENSGMOG00000002153	8
ENSGMOG00000002184	2
ENSGMOG00000002209	11
ENSGMOG00000002428	2222
ENSGMOG00000002458	11
ENSGMOG00000006381	14
ENSGMOG00000006393	42
ENSGMOG00000016930	1562
ENSGMOG00000016951	126
ENSGMOG00000016957	344
ENSGMOG00000016971	822
ENSGMOG00000017060	54
ENSGMOG00000011996	0
ENSGMOG00000011998	15
ENSGMOG00000014106	7
ENSGMOG00000016188	1961
ENSGMOG00000016219	11
ENSGMOG00000016235	59
ENSGMOG00000016244	117
ENSGMOG00000016259	521
ENSGMOG00000017306	3
ENSGMOG00000017372	1
ENSGMOG00000005640	191
ENSGMOG00000005684	564
ENSGMOG00000005705	791
ENSGMOG00000005740	176
ENSGMOG00000014099	656
ENSGMOG00000014144	1
ENSGMOG00000014169	38
ENSGMOG00000014176	229
ENSGMOG00000014802	2130
ENSGMOG00000014815	805
ENSGMOG00000014844	268
ENSGMOG00000014858	287
ENSGMOG00000014885	12
ENSGMOG00000014894	11
ENSGMOG00000007842	0
ENSGMOG00000007850	10108
ENSGMOG00000007853	3074
ENSGMOG00000007862	163
ENSGMOG00000007868	0
ENSGMOG00000007884	515
ENSGMOG00000010828	36
ENSGMOG00000010838	78
ENSGMOG00000010864	2
ENSGMOG00000010908	0
ENSGMOG00000012889	0
ENSGMOG00000012907	0
ENSGMOG00000012914	0
ENSGMOG00000020075	123
ENSGMOG00000013829	60
ENSGMOG00000013850	18
ENSGMOG00000013867	0
ENSGMOG00000005642	2
ENSGMOG00000005665	5294
ENSGMOG00000005703	972
ENSGMOG00000005714	0
ENSGMOG00000008112	215
ENSGMOG00000010552	102
ENSGMOG00000014308	36
ENSGMOG00000014341	267
ENSGMOG00000014382	7773
ENSGMOG00000014402	122
ENSGMOG00000014436	129
ENSGMOG00000014458	4497
ENSGMOG00000014564	400
ENSGMOG00000014751	0
ENSGMOG00000014762	0
ENSGMOG00000014794	0
ENSGMOG00000019905	0
ENSGMOG00000019906	0
ENSGMOG00000019907	0
ENSGMOG00000014814	0
ENSGMOG00000019908	0
ENSGMOG00000014829	0
ENSGMOG00000014853	7
ENSGMOG00000013283	2519
ENSGMOG00000013295	945
ENSGMOG00000013302	818
ENSGMOG00000013309	102
ENSGMOG00000013325	0
ENSGMOG00000013335	0
ENSGMOG00000013338	0
ENSGMOG00000013349	0
ENSGMOG00000013354	1
ENSGMOG00000004950	15
ENSGMOG00000005375	115
ENSGMOG00000005403	49
ENSGMOG00000005410	0
ENSGMOG00000005467	114
ENSGMOG00000003662	21
ENSGMOG00000003676	23
ENSGMOG00000003699	754
ENSGMOG00000004678	2681
ENSGMOG00000004730	45
ENSGMOG00000004766	13
ENSGMOG00000004774	1066
ENSGMOG00000004785	6744
ENSGMOG00000019337	0
ENSGMOG00000020000	0
ENSGMOG00000014850	0
ENSGMOG00000014867	1531
ENSGMOG00000014900	407
ENSGMOG00000014942	5017
ENSGMOG00000014993	176
ENSGMOG00000015010	0
ENSGMOG00000015022	0
ENSGMOG00000006512	196
ENSGMOG00000006557	1006
ENSGMOG00000006575	1070
ENSGMOG00000006588	154
ENSGMOG00000006618	317
ENSGMOG00000015409	807
ENSGMOG00000004316	64
ENSGMOG00000004351	382
ENSGMOG00000004376	5
ENSGMOG00000008586	36
ENSGMOG00000008598	274
ENSGMOG00000008654	825
ENSGMOG00000008680	264
ENSGMOG00000010812	0
ENSGMOG00000010855	3
ENSGMOG00000010879	5
ENSGMOG00000010892	898
ENSGMOG00000010935	363
ENSGMOG00000009247	473
ENSGMOG00000019880	2
ENSGMOG00000009253	0
ENSGMOG00000009262	1408
ENSGMOG00000009280	1057
ENSGMOG00000009293	1623
ENSGMOG00000014752	241
ENSGMOG00000014830	2427
ENSGMOG00000020944	0
ENSGMOG00000021325	0
ENSGMOG00000021341	0
ENSGMOG00000021701	1
ENSGMOG00000020692	0
ENSGMOG00000020657	0
ENSGMOG00000021892	0
ENSGMOG00000014957	830
ENSGMOG00000015078	1004
ENSGMOG00000015118	8
ENSGMOG00000021677	1
ENSGMOG00000015148	115
ENSGMOG00000007851	607
ENSGMOG00000007857	7560
ENSGMOG00000007864	568
ENSGMOG00000007877	4469
ENSGMOG00000007890	90
ENSGMOG00000014553	0
ENSGMOG00000014561	1065
ENSGMOG00000014637	6281
ENSGMOG00000014648	436
ENSGMOG00000003524	1324
ENSGMOG00000003562	524
ENSGMOG00000003588	593
ENSGMOG00000003605	4053
ENSGMOG00000003624	1307
ENSGMOG00000003642	13
ENSGMOG00000003739	17
ENSGMOG00000002564	130
ENSGMOG00000000996	0
ENSGMOG00000000575	4108
ENSGMOG00000000594	1
ENSGMOG00000000622	328
ENSGMOG00000000636	0
ENSGMOG00000000643	65
ENSGMOG00000004256	1597
ENSGMOG00000004276	289
ENSGMOG00000004308	233
ENSGMOG00000004343	131
ENSGMOG00000012460	1185
ENSGMOG00000016518	18
ENSGMOG00000002038	2
ENSGMOG00000002043	1289
ENSGMOG00000002064	308
ENSGMOG00000002074	4
ENSGMOG00000006436	24
ENSGMOG00000006449	227
ENSGMOG00000006491	409
ENSGMOG00000003775	78
ENSGMOG00000003873	1
ENSGMOG00000003880	2
ENSGMOG00000019743	0
ENSGMOG00000019745	1
ENSGMOG00000019746	2
ENSGMOG00000020014	3
ENSGMOG00000003892	2
ENSGMOG00000003898	0
ENSGMOG00000003924	8
ENSGMOG00000020015	1
ENSGMOG00000020016	0
ENSGMOG00000020017	7
ENSGMOG00000020018	11
ENSGMOG00000004527	3416
ENSGMOG00000004618	2
ENSGMOG00000004676	1810
ENSGMOG00000004697	55
ENSGMOG00000016633	372
ENSGMOG00000016645	36
ENSGMOG00000016656	0
ENSGMOG00000016663	0
ENSGMOG00000016687	0
ENSGMOG00000004445	33
ENSGMOG00000015923	0
ENSGMOG00000009224	553
ENSGMOG00000016744	122
ENSGMOG00000016785	2022
ENSGMOG00000016800	3
ENSGMOG00000016812	2
ENSGMOG00000016817	598
ENSGMOG00000000650	112
ENSGMOG00000000675	2960
ENSGMOG00000013060	0
ENSGMOG00000013065	0
ENSGMOG00000013072	57
ENSGMOG00000021403	0
ENSGMOG00000022033	0
ENSGMOG00000013084	3397
ENSGMOG00000013100	968
ENSGMOG00000013114	1238
ENSGMOG00000002898	5276
ENSGMOG00000002989	1
ENSGMOG00000002998	6
ENSGMOG00000003005	20
ENSGMOG00000003022	14
ENSGMOG00000004124	0
ENSGMOG00000004134	14
ENSGMOG00000004152	0
ENSGMOG00000004162	319
ENSGMOG00000004177	0
ENSGMOG00000004186	2414
ENSGMOG00000004274	226
ENSGMOG00000002402	813
ENSGMOG00000000946	176
ENSGMOG00000019929	122
ENSGMOG00000019932	14
ENSGMOG00000000989	139
ENSGMOG00000008570	0
ENSGMOG00000008577	3152
ENSGMOG00000012578	125
ENSGMOG00000012581	434
ENSGMOG00000012582	76
ENSGMOG00000012584	269
ENSGMOG00000012586	2382
ENSGMOG00000015911	1273
ENSGMOG00000015931	529
ENSGMOG00000015966	1714
ENSGMOG00000015992	432
ENSGMOG00000016005	1431
ENSGMOG00000018789	140
ENSGMOG00000018803	1
ENSGMOG00000018822	24
ENSGMOG00000018826	16
ENSGMOG00000013674	5139
ENSGMOG00000008212	304
ENSGMOG00000008223	726
ENSGMOG00000008233	0
ENSGMOG00000008235	299
ENSGMOG00000006304	2
ENSGMOG00000010912	1273
ENSGMOG00000010919	89
ENSGMOG00000014528	44
ENSGMOG00000014582	1106
ENSGMOG00000014632	97
ENSGMOG00000014643	1309
ENSGMOG00000006261	1921
ENSGMOG00000017962	0
ENSGMOG00000017973	6
ENSGMOG00000006063	10354
ENSGMOG00000006133	366
ENSGMOG00000006143	1282
ENSGMOG00000006176	58
ENSGMOG00000006205	1226
ENSGMOG00000018983	8280
ENSGMOG00000018988	2
ENSGMOG00000018995	549
ENSGMOG00000019019	0
ENSGMOG00000008620	173
ENSGMOG00000019850	1370
ENSGMOG00000008626	605
ENSGMOG00000008642	190
ENSGMOG00000008653	523
ENSGMOG00000008675	294
ENSGMOG00000021157	0
ENSGMOG00000014009	0
ENSGMOG00000005400	4
ENSGMOG00000005421	417
ENSGMOG00000005437	0
ENSGMOG00000005448	0
ENSGMOG00000016494	5
ENSGMOG00000016594	171
ENSGMOG00000016673	43
ENSGMOG00000020222	609
ENSGMOG00000006072	97
ENSGMOG00000000393	1
ENSGMOG00000009878	229
ENSGMOG00000009899	308
ENSGMOG00000009904	67
ENSGMOG00000009917	153
ENSGMOG00000009923	0
ENSGMOG00000009929	10
ENSGMOG00000018156	78
ENSGMOG00000004417	0
ENSGMOG00000004459	0
ENSGMOG00000004475	0
ENSGMOG00000021462	0
ENSGMOG00000017249	159
ENSGMOG00000019817	3561
ENSGMOG00000009416	3216
ENSGMOG00000009422	1018
ENSGMOG00000009434	0
ENSGMOG00000009447	0
ENSGMOG00000009450	0
ENSGMOG00000009462	0
ENSGMOG00000009464	0
ENSGMOG00000009469	0
ENSGMOG00000009473	0
ENSGMOG00000009480	0
ENSGMOG00000009179	1
ENSGMOG00000009186	1
ENSGMOG00000000567	0
ENSGMOG00000013397	0
ENSGMOG00000013410	2
ENSGMOG00000021914	0
ENSGMOG00000004988	52
ENSGMOG00000005003	863
ENSGMOG00000005035	403
ENSGMOG00000005053	40
ENSGMOG00000005075	673
ENSGMOG00000002447	0
ENSGMOG00000018103	665
ENSGMOG00000018130	3
ENSGMOG00000019429	132
ENSGMOG00000019445	182
ENSGMOG00000019447	171
ENSGMOG00000019450	471
ENSGMOG00000002022	170
ENSGMOG00000002039	3084
ENSGMOG00000002049	699
ENSGMOG00000019996	85
ENSGMOG00000002085	831
ENSGMOG00000019997	20
ENSGMOG00000000440	534
ENSGMOG00000004283	2353
ENSGMOG00000004320	1609
ENSGMOG00000004338	30
ENSGMOG00000004356	2391
ENSGMOG00000004378	28
ENSGMOG00000004404	8350
ENSGMOG00000003026	359
ENSGMOG00000003071	40
ENSGMOG00000003086	525
ENSGMOG00000003094	0
ENSGMOG00000003107	0
ENSGMOG00000012702	132
ENSGMOG00000012704	5
ENSGMOG00000012713	457
ENSGMOG00000011304	280
ENSGMOG00000011319	1022
ENSGMOG00000015270	0
ENSGMOG00000015279	216
ENSGMOG00000015312	148
ENSGMOG00000007486	840
ENSGMOG00000007503	1151
ENSGMOG00000007509	189
ENSGMOG00000018639	55
ENSGMOG00000018640	178
ENSGMOG00000019393	0
ENSGMOG00000019394	477
ENSGMOG00000019401	3
ENSGMOG00000019406	3
ENSGMOG00000000613	203
ENSGMOG00000007978	100
ENSGMOG00000018889	6
ENSGMOG00000009113	9695
ENSGMOG00000009127	871
ENSGMOG00000009133	17862
ENSGMOG00000018957	685
ENSGMOG00000018966	28
ENSGMOG00000018971	689
ENSGMOG00000019027	714
ENSGMOG00000003168	4
ENSGMOG00000003286	38
ENSGMOG00000003336	627
ENSGMOG00000003377	263
ENSGMOG00000003410	5293
ENSGMOG00000003439	449
ENSGMOG00000003509	138
ENSGMOG00000003665	1333
ENSGMOG00000003721	23
ENSGMOG00000016955	74
ENSGMOG00000017003	7
ENSGMOG00000017019	386
ENSGMOG00000002307	4
ENSGMOG00000002328	664
ENSGMOG00000002379	0
ENSGMOG00000002399	137
ENSGMOG00000002450	0
ENSGMOG00000002472	539
ENSGMOG00000018374	2
ENSGMOG00000018380	4019
ENSGMOG00000010218	306
ENSGMOG00000007154	8
ENSGMOG00000007208	2
ENSGMOG00000020354	244
ENSGMOG00000007219	1
ENSGMOG00000017816	0
ENSGMOG00000012293	0
ENSGMOG00000012297	122
ENSGMOG00000012299	1919
ENSGMOG00000012305	936
ENSGMOG00000012309	48
ENSGMOG00000012312	15458
ENSGMOG00000010825	3344
ENSGMOG00000010882	17875
ENSGMOG00000010914	1902
ENSGMOG00000010918	208
ENSGMOG00000001929	371
ENSGMOG00000001936	25
ENSGMOG00000000132	1513
ENSGMOG00000000140	2
ENSGMOG00000000143	501
ENSGMOG00000000150	214
ENSGMOG00000000152	150
ENSGMOG00000009844	304
ENSGMOG00000009849	195
ENSGMOG00000001757	492
ENSGMOG00000001771	583
ENSGMOG00000001786	0
ENSGMOG00000001801	3426
ENSGMOG00000001847	0
ENSGMOG00000001856	20
ENSGMOG00000001880	5154
ENSGMOG00000001891	0
ENSGMOG00000013714	1588
ENSGMOG00000013770	703
ENSGMOG00000016519	109
ENSGMOG00000016525	1
ENSGMOG00000012687	5949
ENSGMOG00000012691	0
ENSGMOG00000012693	1256
ENSGMOG00000012695	4606
ENSGMOG00000005140	6
ENSGMOG00000005222	167
ENSGMOG00000005237	463
ENSGMOG00000020430	18
ENSGMOG00000005343	86
ENSGMOG00000005379	484
ENSGMOG00000004642	2
ENSGMOG00000004671	2
ENSGMOG00000013751	3279
ENSGMOG00000013808	513
ENSGMOG00000013884	0
ENSGMOG00000015136	1794
ENSGMOG00000007523	0
ENSGMOG00000010006	539
ENSGMOG00000002380	1
ENSGMOG00000002432	0
ENSGMOG00000020184	39
ENSGMOG00000009194	0
ENSGMOG00000004626	1
ENSGMOG00000001658	238
ENSGMOG00000001666	1
ENSGMOG00000001685	214
ENSGMOG00000001699	52
ENSGMOG00000008707	36
ENSGMOG00000003195	0
ENSGMOG00000003207	197
ENSGMOG00000002013	6
ENSGMOG00000002023	49
ENSGMOG00000002036	12
ENSGMOG00000002059	207
ENSGMOG00000021508	0
ENSGMOG00000005462	0
ENSGMOG00000005490	1
ENSGMOG00000006220	681
ENSGMOG00000017646	2234
ENSGMOG00000017685	10
ENSGMOG00000017715	5
ENSGMOG00000019440	1279
ENSGMOG00000019506	329
ENSGMOG00000019508	3580
ENSGMOG00000019524	83
ENSGMOG00000019526	0
ENSGMOG00000013959	38
ENSGMOG00000013986	355
ENSGMOG00000012720	117
ENSGMOG00000018104	16
ENSGMOG00000018753	269
ENSGMOG00000018756	1192
ENSGMOG00000018777	286
ENSGMOG00000018805	401
ENSGMOG00000002476	15
ENSGMOG00000002616	1543
ENSGMOG00000004622	156
ENSGMOG00000004650	0
ENSGMOG00000004662	1
ENSGMOG00000004675	0
ENSGMOG00000004679	545
ENSGMOG00000004685	0
ENSGMOG00000012973	14
ENSGMOG00000012980	37629
ENSGMOG00000012984	519
ENSGMOG00000012991	574
ENSGMOG00000012999	1779
ENSGMOG00000001374	1
ENSGMOG00000001405	0
ENSGMOG00000001418	0
ENSGMOG00000001464	1786
ENSGMOG00000001514	1152
ENSGMOG00000001526	438
ENSGMOG00000001548	0
ENSGMOG00000008990	691
ENSGMOG00000009034	421
ENSGMOG00000009043	12
ENSGMOG00000009055	789
ENSGMOG00000008258	77
ENSGMOG00000008261	11
ENSGMOG00000008265	0
ENSGMOG00000005605	19
ENSGMOG00000021686	0
ENSGMOG00000003488	614
ENSGMOG00000015990	5480
ENSGMOG00000016007	17
ENSGMOG00000016013	671
ENSGMOG00000000163	0
ENSGMOG00000005091	10
ENSGMOG00000005171	807
ENSGMOG00000005198	1130
ENSGMOG00000005207	2848
ENSGMOG00000005281	3192
ENSGMOG00000020427	183
ENSGMOG00000015942	0
ENSGMOG00000020332	0
ENSGMOG00000008056	2940
ENSGMOG00000008064	834
ENSGMOG00000008067	7
ENSGMOG00000008069	365
ENSGMOG00000008073	2400
ENSGMOG00000008076	1759
ENSGMOG00000006062	1874
ENSGMOG00000006093	620
ENSGMOG00000009445	308
ENSGMOG00000009455	774
ENSGMOG00000015584	344
ENSGMOG00000015593	128
ENSGMOG00000015622	617
ENSGMOG00000011992	0
ENSGMOG00000001654	40
ENSGMOG00000001673	137
ENSGMOG00000001687	544
ENSGMOG00000001718	2
ENSGMOG00000001742	191
ENSGMOG00000001773	1002
ENSGMOG00000010115	613
ENSGMOG00000010127	9
ENSGMOG00000010165	0
ENSGMOG00000010180	535
ENSGMOG00000014565	8
ENSGMOG00000020112	0
ENSGMOG00000014583	8
ENSGMOG00000013430	1895
ENSGMOG00000013443	2242
ENSGMOG00000013456	153
ENSGMOG00000013460	108
ENSGMOG00000013466	96
ENSGMOG00000013473	201
ENSGMOG00000013486	746
ENSGMOG00000013511	6
ENSGMOG00000019256	5
ENSGMOG00000019260	961
ENSGMOG00000019269	1281
ENSGMOG00000019282	1095
ENSGMOG00000021763	3
ENSGMOG00000019291	295
ENSGMOG00000019298	1575
ENSGMOG00000003860	1
ENSGMOG00000014946	37
ENSGMOG00000015873	1858
ENSGMOG00000015903	1069
ENSGMOG00000001367	1
ENSGMOG00000002237	6589
ENSGMOG00000002318	1
ENSGMOG00000004613	0
ENSGMOG00000004620	12359
ENSGMOG00000004634	7
ENSGMOG00000020058	0
ENSGMOG00000004645	0
ENSGMOG00000004670	0
ENSGMOG00000004681	14
ENSGMOG00000020059	876
ENSGMOG00000004687	745
ENSGMOG00000017725	524
ENSGMOG00000017734	48
ENSGMOG00000017759	19
ENSGMOG00000017777	1748
ENSGMOG00000017794	2287
ENSGMOG00000013180	415
ENSGMOG00000021382	0
ENSGMOG00000022068	4
ENSGMOG00000013193	739
ENSGMOG00000013211	2
ENSGMOG00000013262	3230
ENSGMOG00000013306	385
ENSGMOG00000013403	432
ENSGMOG00000013411	829
ENSGMOG00000004748	3183
ENSGMOG00000004759	750
ENSGMOG00000004819	59
ENSGMOG00000000114	353364
ENSGMOG00000000117	235407
ENSGMOG00000014698	3111
ENSGMOG00000014715	4108
ENSGMOG00000021867	2
ENSGMOG00000014729	61
ENSGMOG00000017202	1849
ENSGMOG00000017226	168
ENSGMOG00000017262	29
ENSGMOG00000017269	0
ENSGMOG00000018631	1081
ENSGMOG00000008600	677
ENSGMOG00000008604	352
ENSGMOG00000008612	69
ENSGMOG00000008618	1547
ENSGMOG00000008681	287
ENSGMOG00000008900	0
ENSGMOG00000008904	1818
ENSGMOG00000008915	171
ENSGMOG00000009816	227
ENSGMOG00000009826	98
ENSGMOG00000009830	37
ENSGMOG00000009835	212
ENSGMOG00000009860	1
ENSGMOG00000009866	95
ENSGMOG00000009872	5
ENSGMOG00000009882	3640
ENSGMOG00000009896	504
ENSGMOG00000009906	0
ENSGMOG00000003508	1511
ENSGMOG00000003538	90
ENSGMOG00000003555	76
ENSGMOG00000003580	3
ENSGMOG00000003637	46
ENSGMOG00000003668	1666
ENSGMOG00000009772	20
ENSGMOG00000005014	6531
ENSGMOG00000005070	9
ENSGMOG00000018882	2045
ENSGMOG00000018888	1988
ENSGMOG00000018907	36040
ENSGMOG00000021732	16
ENSGMOG00000020934	51
ENSGMOG00000003062	435
ENSGMOG00000009265	279
ENSGMOG00000009274	70
ENSGMOG00000009291	395
ENSGMOG00000017148	1
ENSGMOG00000017159	526
ENSGMOG00000017190	0
ENSGMOG00000017205	25
ENSGMOG00000003475	195
ENSGMOG00000003525	889
ENSGMOG00000003547	9
ENSGMOG00000003658	0
ENSGMOG00000010270	0
ENSGMOG00000003132	17678
ENSGMOG00000021418	2
ENSGMOG00000002882	10
ENSGMOG00000002903	8
ENSGMOG00000002920	323
ENSGMOG00000002956	258
ENSGMOG00000002974	105
ENSGMOG00000018656	0
ENSGMOG00000018667	479
ENSGMOG00000020295	0
ENSGMOG00000018679	0
ENSGMOG00000016199	693
ENSGMOG00000016225	2254
ENSGMOG00000016258	283
ENSGMOG00000003278	371
ENSGMOG00000003290	604
ENSGMOG00000003331	2387
ENSGMOG00000003366	17
ENSGMOG00000010778	184
ENSGMOG00000010800	6
ENSGMOG00000011318	2411
ENSGMOG00000011352	5
ENSGMOG00000011354	1309
ENSGMOG00000011515	58
ENSGMOG00000011520	1372
ENSGMOG00000011528	44
ENSGMOG00000011537	49
ENSGMOG00000011547	2609
ENSGMOG00000011556	693
ENSGMOG00000001417	320
ENSGMOG00000001445	0
ENSGMOG00000001451	133
ENSGMOG00000001461	470
ENSGMOG00000001495	78
ENSGMOG00000001513	11
ENSGMOG00000001582	0
ENSGMOG00000009092	0
ENSGMOG00000020696	0
ENSGMOG00000009102	1
ENSGMOG00000009494	35
ENSGMOG00000009498	425
ENSGMOG00000009530	405
ENSGMOG00000009548	59
ENSGMOG00000009558	594
ENSGMOG00000009573	260
ENSGMOG00000009584	337
ENSGMOG00000009607	83
ENSGMOG00000009647	12
ENSGMOG00000009657	1133
ENSGMOG00000004830	65
ENSGMOG00000004850	140
ENSGMOG00000004863	3
ENSGMOG00000006305	1618
ENSGMOG00000017076	2984
ENSGMOG00000002343	94
ENSGMOG00000012429	31
ENSGMOG00000012430	13
ENSGMOG00000020603	67
ENSGMOG00000012431	5492
ENSGMOG00000017814	323
ENSGMOG00000020866	0
ENSGMOG00000014696	498
ENSGMOG00000004387	6
ENSGMOG00000004435	0
ENSGMOG00000000427	530
ENSGMOG00000000444	171
ENSGMOG00000013776	2851
ENSGMOG00000013785	74
ENSGMOG00000021276	0
ENSGMOG00000014077	599
ENSGMOG00000014510	3
ENSGMOG00000005157	3030
ENSGMOG00000005178	0
ENSGMOG00000005270	659
ENSGMOG00000005277	310
ENSGMOG00000005496	110
ENSGMOG00000005529	0
ENSGMOG00000020898	0
ENSGMOG00000004028	13
ENSGMOG00000004045	1683
ENSGMOG00000004072	150
ENSGMOG00000020041	15
ENSGMOG00000000300	0
ENSGMOG00000000305	0
ENSGMOG00000000307	0
ENSGMOG00000000311	2
ENSGMOG00000000313	0
ENSGMOG00000005123	1674
ENSGMOG00000005132	0
ENSGMOG00000005152	2900
ENSGMOG00000005180	220
ENSGMOG00000005214	2819
ENSGMOG00000005231	307
ENSGMOG00000005236	161793
ENSGMOG00000005246	0
ENSGMOG00000012682	423
ENSGMOG00000008157	111
ENSGMOG00000008158	14
ENSGMOG00000015061	16
ENSGMOG00000015127	217
ENSGMOG00000015479	1451
ENSGMOG00000012356	50
ENSGMOG00000012359	0
ENSGMOG00000001745	8057
ENSGMOG00000020854	1
ENSGMOG00000001783	294
ENSGMOG00000001795	714
ENSGMOG00000001809	63
ENSGMOG00000001841	425
ENSGMOG00000007001	1
ENSGMOG00000020262	1
ENSGMOG00000016272	1
ENSGMOG00000016315	429
ENSGMOG00000016336	3
ENSGMOG00000002105	52
ENSGMOG00000002119	295
ENSGMOG00000002132	355
ENSGMOG00000002140	500
ENSGMOG00000002181	518
ENSGMOG00000020169	11
ENSGMOG00000007177	67
ENSGMOG00000004081	0
ENSGMOG00000004789	1
ENSGMOG00000012352	14
ENSGMOG00000012361	609
ENSGMOG00000012386	12
ENSGMOG00000021352	19
ENSGMOG00000012389	31373
ENSGMOG00000021084	22
ENSGMOG00000012393	0
ENSGMOG00000012398	0
ENSGMOG00000020600	0
ENSGMOG00000012406	0
ENSGMOG00000020601	0
ENSGMOG00000014545	472
ENSGMOG00000014593	3
ENSGMOG00000014627	529
ENSGMOG00000014647	8
ENSGMOG00000020107	295
ENSGMOG00000015589	1350
ENSGMOG00000003043	2039
ENSGMOG00000000464	0
ENSGMOG00000017883	56
ENSGMOG00000017902	14809
ENSGMOG00000010833	166
ENSGMOG00000010845	581
ENSGMOG00000014594	175
ENSGMOG00000014616	1243
ENSGMOG00000010610	15
ENSGMOG00000010624	0
ENSGMOG00000010631	0
ENSGMOG00000010471	21947
ENSGMOG00000021327	119
ENSGMOG00000021975	47
ENSGMOG00000021439	23
ENSGMOG00000010481	2638
ENSGMOG00000002431	840
ENSGMOG00000021912	1
ENSGMOG00000014305	0
ENSGMOG00000014337	0
ENSGMOG00000014389	24
ENSGMOG00000014486	279
ENSGMOG00000014507	45
ENSGMOG00000015068	645
ENSGMOG00000015085	726
ENSGMOG00000010480	0
ENSGMOG00000009744	91
ENSGMOG00000009762	37
ENSGMOG00000009769	2
ENSGMOG00000009775	4
ENSGMOG00000011808	0
ENSGMOG00000011814	28
ENSGMOG00000011686	237
ENSGMOG00000012473	1752
ENSGMOG00000013730	529
ENSGMOG00000018685	428
ENSGMOG00000018706	0
ENSGMOG00000013838	4081
ENSGMOG00000013897	484
ENSGMOG00000013953	1579
ENSGMOG00000013998	263
ENSGMOG00000000699	9068
ENSGMOG00000000712	30
ENSGMOG00000000739	24
ENSGMOG00000000775	3
ENSGMOG00000015654	0
ENSGMOG00000015671	2
ENSGMOG00000015703	0
ENSGMOG00000009528	1523
ENSGMOG00000014209	1219
ENSGMOG00000014230	6
ENSGMOG00000001802	706
ENSGMOG00000002972	239
ENSGMOG00000002978	970
ENSGMOG00000003011	1592
ENSGMOG00000003039	771
ENSGMOG00000020186	12
ENSGMOG00000002515	57
ENSGMOG00000002577	1
ENSGMOG00000016379	205
ENSGMOG00000016395	150
ENSGMOG00000016408	717
ENSGMOG00000016437	734
ENSGMOG00000016492	137
ENSGMOG00000009526	169
ENSGMOG00000010646	269
ENSGMOG00000010652	83
ENSGMOG00000010659	339
ENSGMOG00000010687	1214
ENSGMOG00000010702	4054
ENSGMOG00000010716	0
ENSGMOG00000010723	5
ENSGMOG00000010734	33
ENSGMOG00000010751	4
ENSGMOG00000018290	35
ENSGMOG00000018314	239
ENSGMOG00000018394	642
ENSGMOG00000018405	31132
ENSGMOG00000018415	808
ENSGMOG00000018435	0
ENSGMOG00000018458	0
ENSGMOG00000018500	72
ENSGMOG00000003330	27531
ENSGMOG00000003435	2036
ENSGMOG00000003485	603
ENSGMOG00000019003	124
ENSGMOG00000019017	59
ENSGMOG00000017730	32
ENSGMOG00000017749	21
ENSGMOG00000010998	273
ENSGMOG00000011067	39
ENSGMOG00000011071	0
ENSGMOG00000019595	411
ENSGMOG00000019599	237
ENSGMOG00000019602	402
ENSGMOG00000007537	60
ENSGMOG00000007552	11292
ENSGMOG00000020966	0
ENSGMOG00000007557	1710
ENSGMOG00000007561	13
ENSGMOG00000011725	1211
ENSGMOG00000003887	0
ENSGMOG00000020769	0
ENSGMOG00000003918	993
ENSGMOG00000020033	0
ENSGMOG00000016522	1888
ENSGMOG00000016552	968
ENSGMOG00000016563	668
ENSGMOG00000000310	1239
ENSGMOG00000000315	9
ENSGMOG00000019767	22019
ENSGMOG00000000316	810
ENSGMOG00000000324	118
ENSGMOG00000000328	144
ENSGMOG00000000333	18764
ENSGMOG00000001655	38
ENSGMOG00000021992	0
ENSGMOG00000018542	9615
ENSGMOG00000018567	470
ENSGMOG00000018584	3
ENSGMOG00000001918	3
ENSGMOG00000013990	0
ENSGMOG00000011135	738
ENSGMOG00000011165	250
ENSGMOG00000011171	157
ENSGMOG00000003456	513
ENSGMOG00000003643	209
ENSGMOG00000003696	4184
ENSGMOG00000003722	7
ENSGMOG00000003788	3
ENSGMOG00000018069	1332
ENSGMOG00000018079	63
ENSGMOG00000018086	677
ENSGMOG00000018096	1933
ENSGMOG00000018116	0
ENSGMOG00000018118	5
ENSGMOG00000018141	178
ENSGMOG00000018163	1589
ENSGMOG00000018178	3
ENSGMOG00000011078	1615
ENSGMOG00000011127	37
ENSGMOG00000011138	1501
ENSGMOG00000011158	31
ENSGMOG00000009120	477
ENSGMOG00000007889	3
ENSGMOG00000010221	185
ENSGMOG00000006332	44
ENSGMOG00000006340	4418
ENSGMOG00000006352	7
ENSGMOG00000006380	0
ENSGMOG00000006409	0
ENSGMOG00000006462	0
ENSGMOG00000006476	20106
ENSGMOG00000003433	0
ENSGMOG00000003448	217
ENSGMOG00000003486	296
ENSGMOG00000006435	32
ENSGMOG00000006440	1015
ENSGMOG00000006444	400
ENSGMOG00000006450	6107
ENSGMOG00000006456	86
ENSGMOG00000022105	0
ENSGMOG00000006470	1534
ENSGMOG00000006483	29
ENSGMOG00000006505	277
ENSGMOG00000006516	295
ENSGMOG00000005947	0
ENSGMOG00000010991	2576
ENSGMOG00000010997	0
ENSGMOG00000020125	0
ENSGMOG00000020126	0
ENSGMOG00000020127	59
ENSGMOG00000011002	0
ENSGMOG00000011022	7
ENSGMOG00000020128	0
ENSGMOG00000019986	0
ENSGMOG00000005911	4049
ENSGMOG00000005930	2
ENSGMOG00000005946	578
ENSGMOG00000001460	801
ENSGMOG00000001481	11
ENSGMOG00000001496	86
ENSGMOG00000001503	1056
ENSGMOG00000001520	28
ENSGMOG00000006121	0
ENSGMOG00000006146	20
ENSGMOG00000006306	630
ENSGMOG00000006359	5
ENSGMOG00000017798	371
ENSGMOG00000017811	43
ENSGMOG00000017819	300
ENSGMOG00000019852	4
ENSGMOG00000019231	7830
ENSGMOG00000019238	405
ENSGMOG00000019255	3321
ENSGMOG00000019259	11
ENSGMOG00000014888	0
ENSGMOG00000014912	2172
ENSGMOG00000014970	8663
ENSGMOG00000014743	826
ENSGMOG00000009955	6233
ENSGMOG00000009963	667
ENSGMOG00000009983	237
ENSGMOG00000009994	8
ENSGMOG00000010015	86
ENSGMOG00000007490	0
ENSGMOG00000007551	361
ENSGMOG00000007569	0
ENSGMOG00000004410	1
ENSGMOG00000004472	14
ENSGMOG00000004491	771
ENSGMOG00000004508	359
ENSGMOG00000004536	2182
ENSGMOG00000004576	9406
ENSGMOG00000016899	301
ENSGMOG00000016940	95
ENSGMOG00000002762	140
ENSGMOG00000002784	200
ENSGMOG00000002839	1395
ENSGMOG00000002856	2613
ENSGMOG00000002880	285
ENSGMOG00000002887	27
ENSGMOG00000002919	0
ENSGMOG00000002933	44
ENSGMOG00000002944	167
ENSGMOG00000002961	194
ENSGMOG00000015403	160329
ENSGMOG00000019976	32
ENSGMOG00000015477	1
ENSGMOG00000007039	0
ENSGMOG00000007055	538
ENSGMOG00000007062	369
ENSGMOG00000021399	2
ENSGMOG00000007069	1341
ENSGMOG00000000581	19
ENSGMOG00000000606	1
ENSGMOG00000009204	355
ENSGMOG00000009214	309
ENSGMOG00000009230	5592
ENSGMOG00000009238	1
ENSGMOG00000009246	49
ENSGMOG00000009270	12850
ENSGMOG00000006530	1481
ENSGMOG00000015261	0
ENSGMOG00000015291	1100
ENSGMOG00000015311	162
ENSGMOG00000015323	187
ENSGMOG00000001846	1691
ENSGMOG00000001872	869
ENSGMOG00000001888	1160
ENSGMOG00000016409	183
ENSGMOG00000016442	1
ENSGMOG00000016450	274
ENSGMOG00000003758	476
ENSGMOG00000003799	1414
ENSGMOG00000003846	298
ENSGMOG00000013175	1738
ENSGMOG00000013189	1213
ENSGMOG00000013199	46
ENSGMOG00000014633	35
ENSGMOG00000014666	1
ENSGMOG00000001796	17249
ENSGMOG00000001818	1712
ENSGMOG00000015181	749
ENSGMOG00000013736	0
ENSGMOG00000001140	518
ENSGMOG00000001181	36
ENSGMOG00000001203	369
ENSGMOG00000013858	252
ENSGMOG00000013878	961
ENSGMOG00000013902	684
ENSGMOG00000002311	368
ENSGMOG00000002331	234
ENSGMOG00000009543	2
ENSGMOG00000004539	64
ENSGMOG00000004612	186
ENSGMOG00000003695	30
ENSGMOG00000018155	118
ENSGMOG00000018179	1895
ENSGMOG00000007968	878
ENSGMOG00000007984	2216
ENSGMOG00000007995	1118
ENSGMOG00000008003	5548
ENSGMOG00000008018	667
ENSGMOG00000008024	477
ENSGMOG00000008030	319
ENSGMOG00000016992	374
ENSGMOG00000017026	266
ENSGMOG00000017038	253
ENSGMOG00000016544	0
ENSGMOG00000008959	1272
ENSGMOG00000021136	1
ENSGMOG00000003522	571
ENSGMOG00000003542	0
ENSGMOG00000003554	3315
ENSGMOG00000003577	1055
ENSGMOG00000000409	0
ENSGMOG00000000139	52
ENSGMOG00000010921	8184
ENSGMOG00000010934	26
ENSGMOG00000011283	2
ENSGMOG00000011286	14
ENSGMOG00000013168	68
ENSGMOG00000013181	61
ENSGMOG00000013192	0
ENSGMOG00000013198	60
ENSGMOG00000013210	1173
ENSGMOG00000013271	982
ENSGMOG00000013281	5297
ENSGMOG00000013308	209
ENSGMOG00000011939	561
ENSGMOG00000011943	46
ENSGMOG00000011945	806
ENSGMOG00000020572	0
ENSGMOG00000011968	8
ENSGMOG00000001095	0
ENSGMOG00000017986	7
ENSGMOG00000018015	1048
ENSGMOG00000018026	518
ENSGMOG00000018032	3478
ENSGMOG00000001679	245
ENSGMOG00000021647	0
ENSGMOG00000004531	107
ENSGMOG00000004561	450
ENSGMOG00000004592	653
ENSGMOG00000004623	0
ENSGMOG00000002163	57349
ENSGMOG00000000920	119979
ENSGMOG00000000949	30
ENSGMOG00000000965	21056
ENSGMOG00000010099	7
ENSGMOG00000010108	611
ENSGMOG00000014651	3
ENSGMOG00000018260	315
ENSGMOG00000018308	535
ENSGMOG00000014809	19
ENSGMOG00000014837	1291
ENSGMOG00000006823	16
ENSGMOG00000006877	147
ENSGMOG00000006886	18
ENSGMOG00000006893	2856
ENSGMOG00000006899	0
ENSGMOG00000006909	0
ENSGMOG00000015736	44
ENSGMOG00000017783	518
ENSGMOG00000012994	1022
ENSGMOG00000013002	3
ENSGMOG00000013013	1054
ENSGMOG00000013027	297
ENSGMOG00000016724	481
ENSGMOG00000016752	138
ENSGMOG00000016268	10484
ENSGMOG00000016276	66
ENSGMOG00000016293	206
ENSGMOG00000016329	0
ENSGMOG00000010576	120
ENSGMOG00000010593	274
ENSGMOG00000020558	570
ENSGMOG00000004870	249
ENSGMOG00000002821	0
ENSGMOG00000018342	1237
ENSGMOG00000018361	4019
ENSGMOG00000018396	32
ENSGMOG00000018410	242
ENSGMOG00000018429	206
ENSGMOG00000014297	178
ENSGMOG00000006839	131
ENSGMOG00000006861	1648
ENSGMOG00000006885	1022
ENSGMOG00000006905	159
ENSGMOG00000010536	352
ENSGMOG00000010553	59
ENSGMOG00000010556	54
ENSGMOG00000002384	2037
ENSGMOG00000003291	68
ENSGMOG00000003298	0
ENSGMOG00000008454	328
ENSGMOG00000008456	2467
ENSGMOG00000013355	991
ENSGMOG00000013389	1
ENSGMOG00000013401	485
ENSGMOG00000011328	187
ENSGMOG00000013223	256
ENSGMOG00000013245	53
ENSGMOG00000013254	1802
ENSGMOG00000013264	1572
ENSGMOG00000013277	527
ENSGMOG00000013296	1307
ENSGMOG00000013311	724
ENSGMOG00000020489	3
ENSGMOG00000013329	165
ENSGMOG00000008627	632
ENSGMOG00000008635	28787
ENSGMOG00000008641	845
ENSGMOG00000008657	588
ENSGMOG00000008666	991
ENSGMOG00000002708	0
ENSGMOG00000002741	0
ENSGMOG00000007873	1
ENSGMOG00000002171	3
ENSGMOG00000002258	0
ENSGMOG00000021749	0
ENSGMOG00000007625	265
ENSGMOG00000007637	258
ENSGMOG00000007643	7
ENSGMOG00000007650	21
ENSGMOG00000007655	62
ENSGMOG00000007668	3
ENSGMOG00000001466	118
ENSGMOG00000001482	439
ENSGMOG00000001507	541
ENSGMOG00000001521	592
ENSGMOG00000001544	135
ENSGMOG00000001553	1235
ENSGMOG00000001566	42
ENSGMOG00000021924	10
ENSGMOG00000020927	2
ENSGMOG00000020629	3
ENSGMOG00000021858	7
ENSGMOG00000021365	1
ENSGMOG00000021097	0
ENSGMOG00000021754	0
ENSGMOG00000021581	2
ENSGMOG00000021702	0
ENSGMOG00000001583	3
ENSGMOG00000001594	195
ENSGMOG00000001599	614
ENSGMOG00000001604	1579
ENSGMOG00000004703	4
ENSGMOG00000004719	17
ENSGMOG00000019482	19660
ENSGMOG00000021904	4
ENSGMOG00000005827	2476
ENSGMOG00000005894	79
ENSGMOG00000000014	11034
ENSGMOG00000000017	16
ENSGMOG00000005154	0
ENSGMOG00000005176	1287
ENSGMOG00000005185	61
ENSGMOG00000005204	35
ENSGMOG00000005209	36
ENSGMOG00000005227	0
ENSGMOG00000011434	0
ENSGMOG00000011441	5
ENSGMOG00000020152	5
ENSGMOG00000011449	486
ENSGMOG00000011461	0
ENSGMOG00000011488	462
ENSGMOG00000020153	0
ENSGMOG00000013190	115
ENSGMOG00000013204	1130
ENSGMOG00000006161	14
ENSGMOG00000006170	114
ENSGMOG00000006178	500
ENSGMOG00000017928	1132
ENSGMOG00000017940	11
ENSGMOG00000009266	10
ENSGMOG00000003549	35
ENSGMOG00000003563	769
ENSGMOG00000003576	195
ENSGMOG00000003584	2716
ENSGMOG00000003614	78
ENSGMOG00000014439	63
ENSGMOG00000014542	3406
ENSGMOG00000014560	325
ENSGMOG00000014588	261
ENSGMOG00000020103	6
ENSGMOG00000012998	4
ENSGMOG00000020478	0
ENSGMOG00000002221	307
ENSGMOG00000009054	4378
ENSGMOG00000009058	1748
ENSGMOG00000002948	92
ENSGMOG00000003007	23
ENSGMOG00000020209	20
ENSGMOG00000003029	760
ENSGMOG00000017952	0
ENSGMOG00000018002	36
ENSGMOG00000018013	17
ENSGMOG00000018055	140
ENSGMOG00000018064	1
ENSGMOG00000018154	477
ENSGMOG00000009752	4
ENSGMOG00000009756	287
ENSGMOG00000009767	1034
ENSGMOG00000007209	1442
ENSGMOG00000007262	86
ENSGMOG00000007267	0
ENSGMOG00000007272	345
ENSGMOG00000020047	926
ENSGMOG00000004221	13
ENSGMOG00000004243	326
ENSGMOG00000004279	0
ENSGMOG00000016882	1138
ENSGMOG00000016904	2
ENSGMOG00000016947	837
ENSGMOG00000013435	26
ENSGMOG00000021548	0
ENSGMOG00000000045	520
ENSGMOG00000000050	2861
ENSGMOG00000000054	534
ENSGMOG00000000058	6
ENSGMOG00000000063	48
ENSGMOG00000000067	12
ENSGMOG00000019028	162
ENSGMOG00000019044	0
ENSGMOG00000019054	0
ENSGMOG00000008427	52
ENSGMOG00000014238	0
ENSGMOG00000005934	587
ENSGMOG00000010677	25
ENSGMOG00000010695	519
ENSGMOG00000010715	463
ENSGMOG00000010727	267
ENSGMOG00000019334	180
ENSGMOG00000016784	3
ENSGMOG00000016801	0
ENSGMOG00000016803	3
ENSGMOG00000008438	447
ENSGMOG00000008440	5888
ENSGMOG00000021500	0
ENSGMOG00000000627	99
ENSGMOG00000005910	1197
ENSGMOG00000004625	419
ENSGMOG00000009076	1
ENSGMOG00000002301	5444
ENSGMOG00000002335	741
ENSGMOG00000021582	0
ENSGMOG00000002361	46
ENSGMOG00000002014	4
ENSGMOG00000002056	27
ENSGMOG00000002089	3081
ENSGMOG00000003809	1064
ENSGMOG00000017841	39
ENSGMOG00000019857	641
ENSGMOG00000017853	714
ENSGMOG00000017859	693
ENSGMOG00000017905	15
ENSGMOG00000017589	1106
ENSGMOG00000020688	0
ENSGMOG00000021487	0
ENSGMOG00000004138	61
ENSGMOG00000015688	5
ENSGMOG00000007575	0
ENSGMOG00000007577	0
ENSGMOG00000007583	1
ENSGMOG00000007587	0
ENSGMOG00000018522	408
ENSGMOG00000018546	5693
ENSGMOG00000018565	62
ENSGMOG00000002599	1280
ENSGMOG00000020200	2
ENSGMOG00000020201	11
ENSGMOG00000020202	5
ENSGMOG00000020203	10
ENSGMOG00000020204	20
ENSGMOG00000002829	1267
ENSGMOG00000002845	152
ENSGMOG00000009098	214
ENSGMOG00000009104	863
ENSGMOG00000019874	6
ENSGMOG00000017172	2678
ENSGMOG00000017187	3425
ENSGMOG00000017204	2
ENSGMOG00000017211	681
ENSGMOG00000017215	163
ENSGMOG00000017224	1652
ENSGMOG00000017252	3566
ENSGMOG00000018834	565
ENSGMOG00000020302	3440
ENSGMOG00000018870	0
ENSGMOG00000018873	103
ENSGMOG00000003875	58
ENSGMOG00000004310	49
ENSGMOG00000004321	7
ENSGMOG00000020054	14
ENSGMOG00000017618	43
ENSGMOG00000016164	2868
ENSGMOG00000018126	304
ENSGMOG00000018148	1
ENSGMOG00000012391	4219
ENSGMOG00000012395	2934
ENSGMOG00000000541	1271
ENSGMOG00000019784	0
ENSGMOG00000000587	701
ENSGMOG00000000608	3156
ENSGMOG00000013801	1475
ENSGMOG00000013814	29
ENSGMOG00000013835	0
ENSGMOG00000013883	1817
ENSGMOG00000015929	14
ENSGMOG00000006547	610
ENSGMOG00000000656	1117
ENSGMOG00000000667	1
ENSGMOG00000004249	0
ENSGMOG00000004264	0
ENSGMOG00000010617	235
ENSGMOG00000010626	216
ENSGMOG00000010635	5
ENSGMOG00000005631	1
ENSGMOG00000005647	602
ENSGMOG00000005683	11461
ENSGMOG00000016737	3666
ENSGMOG00000004966	1
ENSGMOG00000002505	4
ENSGMOG00000019004	46378
ENSGMOG00000019012	89
ENSGMOG00000017609	645
ENSGMOG00000017640	490
ENSGMOG00000017648	0
ENSGMOG00000017662	2056
ENSGMOG00000017707	31
ENSGMOG00000012436	0
ENSGMOG00000021827	0
ENSGMOG00000014417	5
ENSGMOG00000014735	1179
ENSGMOG00000009155	161
ENSGMOG00000012594	0
ENSGMOG00000018302	1232
ENSGMOG00000018318	1119
ENSGMOG00000018322	1017
ENSGMOG00000015106	199
ENSGMOG00000016668	3
ENSGMOG00000017010	0
ENSGMOG00000017030	686
ENSGMOG00000017051	35
ENSGMOG00000017077	1
ENSGMOG00000009139	0
ENSGMOG00000009143	2
ENSGMOG00000009148	1493
ENSGMOG00000009167	242
ENSGMOG00000014871	904
ENSGMOG00000014896	19
ENSGMOG00000014904	15983
ENSGMOG00000014927	400
ENSGMOG00000014943	802
ENSGMOG00000000879	0
ENSGMOG00000000886	2
ENSGMOG00000020368	0
ENSGMOG00000016486	4
ENSGMOG00000013078	6
ENSGMOG00000013139	116
ENSGMOG00000013147	763
ENSGMOG00000013157	878
ENSGMOG00000002871	0
ENSGMOG00000002890	4320
ENSGMOG00000013391	36
ENSGMOG00000017981	2342
ENSGMOG00000003505	2
ENSGMOG00000003610	5
ENSGMOG00000003623	638
ENSGMOG00000003647	372
ENSGMOG00000003664	1548
ENSGMOG00000007016	1
ENSGMOG00000007021	183
ENSGMOG00000021092	0
ENSGMOG00000011388	298
ENSGMOG00000006339	128
ENSGMOG00000006353	306
ENSGMOG00000006374	30
ENSGMOG00000006407	24
ENSGMOG00000006421	91
ENSGMOG00000011535	335
ENSGMOG00000004036	197
ENSGMOG00000004080	11470
ENSGMOG00000004131	25
ENSGMOG00000004155	225
ENSGMOG00000004215	505
ENSGMOG00000004326	392
ENSGMOG00000006145	1
ENSGMOG00000006150	1354
ENSGMOG00000006174	8
ENSGMOG00000006230	1
ENSGMOG00000006236	113
ENSGMOG00000008917	429
ENSGMOG00000008935	322
ENSGMOG00000005041	817
ENSGMOG00000004711	0
ENSGMOG00000004733	1
ENSGMOG00000005084	20
ENSGMOG00000014920	3
ENSGMOG00000014945	2
ENSGMOG00000014964	531
ENSGMOG00000014984	393
ENSGMOG00000007950	3
ENSGMOG00000013154	156
ENSGMOG00000013160	0
ENSGMOG00000013165	0
ENSGMOG00000013170	8
ENSGMOG00000013186	1798
ENSGMOG00000013213	12836
ENSGMOG00000005997	32
ENSGMOG00000004049	1
ENSGMOG00000004071	0
ENSGMOG00000004096	686
ENSGMOG00000009201	393
ENSGMOG00000020614	250
ENSGMOG00000002520	0
ENSGMOG00000002581	137
ENSGMOG00000002594	68
ENSGMOG00000002629	2637
ENSGMOG00000001019	892
ENSGMOG00000001080	0
ENSGMOG00000014024	0
ENSGMOG00000004897	1540
ENSGMOG00000004923	1229
ENSGMOG00000004948	0
ENSGMOG00000017290	2
ENSGMOG00000017297	2854
ENSGMOG00000017414	575
ENSGMOG00000017469	1249
ENSGMOG00000017557	0
ENSGMOG00000003386	93
ENSGMOG00000019204	6150
ENSGMOG00000001434	1434
ENSGMOG00000018416	539
ENSGMOG00000020283	0
ENSGMOG00000020307	50
ENSGMOG00000011000	1
ENSGMOG00000011009	390
ENSGMOG00000011077	0
ENSGMOG00000011095	0
ENSGMOG00000010806	299
ENSGMOG00000010875	6727
ENSGMOG00000010906	2
ENSGMOG00000009887	19
ENSGMOG00000020520	130
ENSGMOG00000009901	1501
ENSGMOG00000009915	74
ENSGMOG00000010109	777
ENSGMOG00000008731	258
ENSGMOG00000008741	602
ENSGMOG00000008749	977
ENSGMOG00000020913	27
ENSGMOG00000008762	0
ENSGMOG00000008767	0
ENSGMOG00000009943	260
ENSGMOG00000009951	20
ENSGMOG00000009958	10
ENSGMOG00000009965	41
ENSGMOG00000009971	7
ENSGMOG00000009980	2
ENSGMOG00000009992	21
ENSGMOG00000020524	0
ENSGMOG00000020525	11
ENSGMOG00000020684	0
ENSGMOG00000013803	155
ENSGMOG00000019785	3
ENSGMOG00000005364	0
ENSGMOG00000020444	0
ENSGMOG00000020445	0
ENSGMOG00000001722	1417
ENSGMOG00000012798	165
ENSGMOG00000012800	72
ENSGMOG00000009514	252
ENSGMOG00000009522	0
ENSGMOG00000009533	362
ENSGMOG00000009551	154
ENSGMOG00000009557	416
ENSGMOG00000002628	2814
ENSGMOG00000002742	199
ENSGMOG00000021919	5
ENSGMOG00000007582	2
ENSGMOG00000007589	29
ENSGMOG00000007604	354
ENSGMOG00000007614	67
ENSGMOG00000016436	0
ENSGMOG00000016470	8
ENSGMOG00000020367	74
ENSGMOG00000016477	921
ENSGMOG00000016483	14
ENSGMOG00000015349	6
ENSGMOG00000015426	0
ENSGMOG00000001070	0
ENSGMOG00000001091	0
ENSGMOG00000009223	305
ENSGMOG00000009240	1251
ENSGMOG00000009251	483
ENSGMOG00000000966	1077
ENSGMOG00000019934	2165
ENSGMOG00000015950	25
ENSGMOG00000015958	132
ENSGMOG00000003993	5
ENSGMOG00000021242	0
ENSGMOG00000004023	392
ENSGMOG00000004039	352
ENSGMOG00000004159	68
ENSGMOG00000016316	0
ENSGMOG00000016411	15
ENSGMOG00000016488	0
ENSGMOG00000016514	40
ENSGMOG00000007210	1
ENSGMOG00000012425	36
ENSGMOG00000012433	30
ENSGMOG00000015686	136
ENSGMOG00000015699	44
ENSGMOG00000015712	379
ENSGMOG00000017833	55
ENSGMOG00000016553	2203
ENSGMOG00000016603	148
ENSGMOG00000004922	215
ENSGMOG00000004436	61
ENSGMOG00000004490	1
ENSGMOG00000004502	14
ENSGMOG00000004528	987
ENSGMOG00000008988	395
ENSGMOG00000009004	1217
ENSGMOG00000010559	997
ENSGMOG00000013260	136
ENSGMOG00000013269	486
ENSGMOG00000015316	2934
ENSGMOG00000015377	36
ENSGMOG00000013171	550
ENSGMOG00000013185	622
ENSGMOG00000013191	2200
ENSGMOG00000013203	405
ENSGMOG00000013205	0
ENSGMOG00000010230	1
ENSGMOG00000010236	811
ENSGMOG00000003965	2872
ENSGMOG00000003986	111
ENSGMOG00000004314	2037
ENSGMOG00000020037	72
ENSGMOG00000004373	754
ENSGMOG00000011167	221
ENSGMOG00000011180	14
ENSGMOG00000018885	2
ENSGMOG00000018893	330
ENSGMOG00000018904	45
ENSGMOG00000016510	1498
ENSGMOG00000016538	33
ENSGMOG00000016557	0
ENSGMOG00000000414	965
ENSGMOG00000000431	1
ENSGMOG00000015549	0
ENSGMOG00000015561	0
ENSGMOG00000017479	7
ENSGMOG00000019827	48
ENSGMOG00000005528	1200
ENSGMOG00000006672	6
ENSGMOG00000006698	1189
ENSGMOG00000006719	351
ENSGMOG00000006740	0
ENSGMOG00000006753	521
ENSGMOG00000009961	3
ENSGMOG00000009968	0
ENSGMOG00000009979	806
ENSGMOG00000009985	597
ENSGMOG00000009995	131
ENSGMOG00000010022	2026
ENSGMOG00000010030	2239
ENSGMOG00000011083	0
ENSGMOG00000018463	3753
ENSGMOG00000018493	263
ENSGMOG00000020285	0
ENSGMOG00000017383	905
ENSGMOG00000006711	1555
ENSGMOG00000006730	548
ENSGMOG00000006738	3718
ENSGMOG00000006766	1744
ENSGMOG00000006798	2671
ENSGMOG00000020687	0
ENSGMOG00000006806	4
ENSGMOG00000005116	259
ENSGMOG00000005128	24
ENSGMOG00000013778	24
ENSGMOG00000013794	108
ENSGMOG00000013863	36
ENSGMOG00000013872	215
ENSGMOG00000001712	1
ENSGMOG00000001726	0
ENSGMOG00000016425	1373
ENSGMOG00000016456	131
ENSGMOG00000004854	2664
ENSGMOG00000004873	653
ENSGMOG00000004884	907
ENSGMOG00000015373	1879
ENSGMOG00000018829	27
ENSGMOG00000018838	39250
ENSGMOG00000021363	12
ENSGMOG00000020896	10
ENSGMOG00000018849	13
ENSGMOG00000022039	0
ENSGMOG00000018856	419
ENSGMOG00000018869	333
ENSGMOG00000018875	184
ENSGMOG00000018938	3859
ENSGMOG00000010508	2
ENSGMOG00000017650	723
ENSGMOG00000017697	439
ENSGMOG00000017703	7
ENSGMOG00000017712	954
ENSGMOG00000017735	1554
ENSGMOG00000017763	644
ENSGMOG00000017774	3252
ENSGMOG00000017792	563
ENSGMOG00000003808	0
ENSGMOG00000003834	2
ENSGMOG00000003851	170
ENSGMOG00000016562	1024
ENSGMOG00000016631	0
ENSGMOG00000020374	26
ENSGMOG00000012967	454
ENSGMOG00000012969	476
ENSGMOG00000010533	652
ENSGMOG00000007264	494
ENSGMOG00000007274	2
ENSGMOG00000007277	0
ENSGMOG00000007282	1004
ENSGMOG00000020365	303
ENSGMOG00000007324	1487
ENSGMOG00000001709	0
ENSGMOG00000001719	0
ENSGMOG00000018726	1343
ENSGMOG00000018766	101
ENSGMOG00000018780	1037
ENSGMOG00000018801	466
ENSGMOG00000007973	20
ENSGMOG00000007980	1917
ENSGMOG00000007989	2
ENSGMOG00000007991	977
ENSGMOG00000007998	10
ENSGMOG00000007999	137
ENSGMOG00000008005	0
ENSGMOG00000002843	0
ENSGMOG00000002889	846
ENSGMOG00000002914	295
ENSGMOG00000002954	201
ENSGMOG00000002979	1043
ENSGMOG00000018274	31
ENSGMOG00000018283	0
ENSGMOG00000016444	494
ENSGMOG00000016460	249
ENSGMOG00000016467	985
ENSGMOG00000016480	515
ENSGMOG00000016493	193
ENSGMOG00000016505	1778
ENSGMOG00000016532	90
ENSGMOG00000011519	237
ENSGMOG00000011524	152
ENSGMOG00000002193	20
ENSGMOG00000002219	216
ENSGMOG00000002234	36
ENSGMOG00000002270	784
ENSGMOG00000013937	21
ENSGMOG00000013962	191
ENSGMOG00000013975	618
ENSGMOG00000014013	18
ENSGMOG00000014062	1292
ENSGMOG00000014091	79
ENSGMOG00000017667	3
ENSGMOG00000017684	4
ENSGMOG00000017698	972
ENSGMOG00000017727	130
ENSGMOG00000017747	178
ENSGMOG00000017766	1
ENSGMOG00000017796	1506
ENSGMOG00000017867	398
ENSGMOG00000017967	8
ENSGMOG00000006042	1678
ENSGMOG00000014600	14
ENSGMOG00000014614	1
ENSGMOG00000014625	0
ENSGMOG00000014639	1
ENSGMOG00000012039	1307
ENSGMOG00000015092	618
ENSGMOG00000021725	0
ENSGMOG00000010738	1480
ENSGMOG00000010754	21127
ENSGMOG00000003817	114
ENSGMOG00000003839	8
ENSGMOG00000004306	0
ENSGMOG00000004328	2792
ENSGMOG00000010197	15648
ENSGMOG00000010206	876
ENSGMOG00000010213	1691
ENSGMOG00000000389	2071
ENSGMOG00000000415	15
ENSGMOG00000013752	50
ENSGMOG00000016139	1
ENSGMOG00000016194	4587
ENSGMOG00000016209	117
ENSGMOG00000016220	320
ENSGMOG00000016313	6
ENSGMOG00000016381	0
ENSGMOG00000016449	2
ENSGMOG00000000453	0
ENSGMOG00000008545	189
ENSGMOG00000008547	1217
ENSGMOG00000008549	91
ENSGMOG00000008557	246
ENSGMOG00000011218	0
ENSGMOG00000002861	14
ENSGMOG00000002932	6
ENSGMOG00000014149	0
ENSGMOG00000014335	193
ENSGMOG00000014356	413
ENSGMOG00000014414	1713
ENSGMOG00000000342	183
ENSGMOG00000000353	9
ENSGMOG00000000361	0
ENSGMOG00000000365	411
ENSGMOG00000000374	239
ENSGMOG00000000388	0
ENSGMOG00000013720	5
ENSGMOG00000020511	81
ENSGMOG00000006055	1031
ENSGMOG00000002549	1
ENSGMOG00000002566	5
ENSGMOG00000001058	0
ENSGMOG00000008546	268
ENSGMOG00000008569	111
ENSGMOG00000008573	239
ENSGMOG00000008579	432
ENSGMOG00000008588	143
ENSGMOG00000008609	1
ENSGMOG00000008616	0
ENSGMOG00000008629	1981
ENSGMOG00000004044	12
ENSGMOG00000020042	0
ENSGMOG00000016270	6
ENSGMOG00000016309	4181
ENSGMOG00000016360	325
ENSGMOG00000000161	592
ENSGMOG00000015420	1754
ENSGMOG00000015466	4
ENSGMOG00000013606	1
ENSGMOG00000013632	81
ENSGMOG00000013644	79
ENSGMOG00000013668	221
ENSGMOG00000015256	779
ENSGMOG00000015289	29
ENSGMOG00000012942	75
ENSGMOG00000018384	806
ENSGMOG00000012920	132
ENSGMOG00000012932	59
ENSGMOG00000012062	391
ENSGMOG00000012065	3
ENSGMOG00000000980	2697
ENSGMOG00000000998	0
ENSGMOG00000016849	0
ENSGMOG00000019801	60
ENSGMOG00000013928	293
ENSGMOG00000013950	439
ENSGMOG00000013985	1
ENSGMOG00000014004	44
ENSGMOG00000014026	607
ENSGMOG00000014057	329
ENSGMOG00000014067	155799
ENSGMOG00000014097	2586
ENSGMOG00000015934	662
ENSGMOG00000015955	358
ENSGMOG00000011716	301
ENSGMOG00000011730	2
ENSGMOG00000018688	31
ENSGMOG00000009171	1
ENSGMOG00000009202	124
ENSGMOG00000009213	35
ENSGMOG00000009231	5091
ENSGMOG00000009249	1522
ENSGMOG00000009257	408
ENSGMOG00000003110	1637
ENSGMOG00000003153	3
ENSGMOG00000003161	38
ENSGMOG00000003222	60
ENSGMOG00000003269	44
ENSGMOG00000003328	2027
ENSGMOG00000003351	196
ENSGMOG00000003387	68457
ENSGMOG00000017877	7994
ENSGMOG00000017898	0
ENSGMOG00000017912	1
ENSGMOG00000017922	218
ENSGMOG00000017961	30
ENSGMOG00000000635	583
ENSGMOG00000000651	2
ENSGMOG00000000653	39
ENSGMOG00000001360	583
ENSGMOG00000009051	1421
ENSGMOG00000009060	205
ENSGMOG00000002063	862
ENSGMOG00000002101	5696
ENSGMOG00000019664	255
ENSGMOG00000019667	248
ENSGMOG00000019668	765
ENSGMOG00000015948	9
ENSGMOG00000015981	3
ENSGMOG00000015986	1
ENSGMOG00000006401	980
ENSGMOG00000006423	199
ENSGMOG00000009737	523
ENSGMOG00000009754	315
ENSGMOG00000014170	13915
ENSGMOG00000022005	0
ENSGMOG00000009363	4
ENSGMOG00000009375	0
ENSGMOG00000003250	282
ENSGMOG00000003277	1154
ENSGMOG00000003335	697
ENSGMOG00000003370	5122
ENSGMOG00000005923	54
ENSGMOG00000005950	1047
ENSGMOG00000018587	141
ENSGMOG00000020291	149
ENSGMOG00000020292	40
ENSGMOG00000018628	351
ENSGMOG00000016300	3757
ENSGMOG00000016413	6
ENSGMOG00000016431	987
ENSGMOG00000016711	1
ENSGMOG00000014100	8
ENSGMOG00000014141	758
ENSGMOG00000014154	1035
ENSGMOG00000007095	2
ENSGMOG00000007101	17871
ENSGMOG00000007113	4123
ENSGMOG00000021203	0
ENSGMOG00000020856	1
ENSGMOG00000007121	3120
ENSGMOG00000011156	124
ENSGMOG00000021530	0
ENSGMOG00000021193	0
ENSGMOG00000020464	158
ENSGMOG00000012706	90
ENSGMOG00000012708	122
ENSGMOG00000012709	0
ENSGMOG00000001605	2104
ENSGMOG00000006347	13
ENSGMOG00000017037	930
ENSGMOG00000017088	2
ENSGMOG00000017108	1
ENSGMOG00000017128	465
ENSGMOG00000017149	361
ENSGMOG00000017167	1060
ENSGMOG00000019171	40
ENSGMOG00000019180	70
ENSGMOG00000000518	477
ENSGMOG00000000533	0
ENSGMOG00000011832	1
ENSGMOG00000011844	2
ENSGMOG00000011851	3
ENSGMOG00000006872	51
ENSGMOG00000006879	769
ENSGMOG00000006945	1683
ENSGMOG00000003260	0
ENSGMOG00000003275	218
ENSGMOG00000003317	412
ENSGMOG00000003353	42025
ENSGMOG00000014188	755
ENSGMOG00000014246	91
ENSGMOG00000014268	13
ENSGMOG00000014334	0
ENSGMOG00000004831	1600
ENSGMOG00000004888	7124
ENSGMOG00000004900	145
ENSGMOG00000004929	477
ENSGMOG00000001870	16568
ENSGMOG00000001874	343
ENSGMOG00000001898	3
ENSGMOG00000001915	1890
ENSGMOG00000021593	0
ENSGMOG00000001939	2913
ENSGMOG00000001961	142
ENSGMOG00000011582	171
ENSGMOG00000011594	2605
ENSGMOG00000011603	113
ENSGMOG00000015334	700
ENSGMOG00000015388	1117
ENSGMOG00000017918	22
ENSGMOG00000020946	6
ENSGMOG00000002781	1001
ENSGMOG00000009577	0
ENSGMOG00000015273	0
ENSGMOG00000015350	2
ENSGMOG00000007089	1
ENSGMOG00000009359	1
ENSGMOG00000017349	1633
ENSGMOG00000017412	5
ENSGMOG00000006137	7580
ENSGMOG00000006154	136
ENSGMOG00000020833	0
ENSGMOG00000014685	2330
ENSGMOG00000014795	1
ENSGMOG00000014816	242
ENSGMOG00000010973	985
ENSGMOG00000010017	16
ENSGMOG00000010034	385
ENSGMOG00000010047	0
ENSGMOG00000018677	1590
ENSGMOG00000018691	275
ENSGMOG00000018700	14572
ENSGMOG00000018712	228
ENSGMOG00000002104	4
ENSGMOG00000015649	0
ENSGMOG00000015662	0
ENSGMOG00000015862	323
ENSGMOG00000015883	80
ENSGMOG00000016332	8879
ENSGMOG00000016358	648
ENSGMOG00000016390	85
ENSGMOG00000014281	28791
ENSGMOG00000018644	1
ENSGMOG00000018652	7
ENSGMOG00000018683	37
ENSGMOG00000010575	1082
ENSGMOG00000010585	495
ENSGMOG00000010594	864
ENSGMOG00000018774	3337
ENSGMOG00000017054	1
ENSGMOG00000008264	783
ENSGMOG00000008267	1645
ENSGMOG00000008268	920
ENSGMOG00000014613	388
ENSGMOG00000014673	2
ENSGMOG00000014710	17
ENSGMOG00000017452	136
ENSGMOG00000017515	11
ENSGMOG00000017533	58
ENSGMOG00000017546	224
ENSGMOG00000017625	11
ENSGMOG00000007215	693
ENSGMOG00000015514	103
ENSGMOG00000015531	0
ENSGMOG00000015553	99
ENSGMOG00000015579	1242
ENSGMOG00000015603	2192
ENSGMOG00000001603	336
ENSGMOG00000001620	1
ENSGMOG00000001624	13
ENSGMOG00000019985	478
ENSGMOG00000001769	0
ENSGMOG00000005531	3
ENSGMOG00000005539	692
ENSGMOG00000005569	24
ENSGMOG00000005577	229
ENSGMOG00000005754	1841
ENSGMOG00000005839	19189
ENSGMOG00000005850	2
ENSGMOG00000001917	327
ENSGMOG00000016068	1
ENSGMOG00000016140	983
ENSGMOG00000016274	21
ENSGMOG00000016323	647
ENSGMOG00000016422	112
ENSGMOG00000000252	120
ENSGMOG00000000256	16
ENSGMOG00000000262	145
ENSGMOG00000000266	4542
ENSGMOG00000014688	9925
ENSGMOG00000014736	5561
ENSGMOG00000014754	0
ENSGMOG00000013224	0
ENSGMOG00000010775	536
ENSGMOG00000020119	1
ENSGMOG00000003916	0
ENSGMOG00000003947	2002
ENSGMOG00000001708	0
ENSGMOG00000009766	165
ENSGMOG00000009778	781
ENSGMOG00000015875	338
ENSGMOG00000015907	9
ENSGMOG00000001048	833
ENSGMOG00000010629	35
ENSGMOG00000010639	10
ENSGMOG00000019370	22
ENSGMOG00000005800	701
ENSGMOG00000005812	2
ENSGMOG00000010818	831
ENSGMOG00000004011	57
ENSGMOG00000004038	0
ENSGMOG00000004054	1
ENSGMOG00000004077	5273
ENSGMOG00000004094	4988
ENSGMOG00000004133	12320
ENSGMOG00000004144	1319
ENSGMOG00000014532	167
ENSGMOG00000014562	670
ENSGMOG00000014595	507
ENSGMOG00000015747	4474
ENSGMOG00000012179	167
ENSGMOG00000012184	22
ENSGMOG00000012191	0
ENSGMOG00000001677	1134
ENSGMOG00000001096	2178
ENSGMOG00000001114	7
ENSGMOG00000001123	4552
ENSGMOG00000001135	360
ENSGMOG00000001149	786
ENSGMOG00000001206	1960
ENSGMOG00000014364	1091
ENSGMOG00000022076	15
ENSGMOG00000014395	268
ENSGMOG00000014410	3828
ENSGMOG00000014440	234
ENSGMOG00000014460	127
ENSGMOG00000001288	2
ENSGMOG00000001310	118
ENSGMOG00000014612	1917
ENSGMOG00000009933	4104
ENSGMOG00000009948	1815
ENSGMOG00000009972	18
ENSGMOG00000009409	162
ENSGMOG00000017554	323
ENSGMOG00000017571	0
ENSGMOG00000003454	0
ENSGMOG00000003462	60
ENSGMOG00000003625	620
ENSGMOG00000014219	554
ENSGMOG00000014236	41
ENSGMOG00000014261	0
ENSGMOG00000010248	0
ENSGMOG00000010254	7624
ENSGMOG00000011013	0
ENSGMOG00000011028	22
ENSGMOG00000002367	414
ENSGMOG00000014266	16
ENSGMOG00000010405	112
ENSGMOG00000010426	11
ENSGMOG00000019421	6
ENSGMOG00000019423	245
ENSGMOG00000004065	261
ENSGMOG00000012160	2145
ENSGMOG00000012163	195
ENSGMOG00000012164	0
ENSGMOG00000000917	2
ENSGMOG00000000926	314
ENSGMOG00000000954	341
ENSGMOG00000000963	2974
ENSGMOG00000001007	474
ENSGMOG00000010259	233
ENSGMOG00000010263	374
ENSGMOG00000010277	6717
ENSGMOG00000000676	4
ENSGMOG00000000683	27
ENSGMOG00000000703	289
ENSGMOG00000000726	3
ENSGMOG00000000734	257
ENSGMOG00000015854	1
ENSGMOG00000015865	321
ENSGMOG00000015877	894
ENSGMOG00000015902	1136
ENSGMOG00000015924	27
ENSGMOG00000009433	224
ENSGMOG00000009442	259
ENSGMOG00000009456	927
ENSGMOG00000009476	14
ENSGMOG00000001868	3659
ENSGMOG00000001889	220
ENSGMOG00000001927	6
ENSGMOG00000004232	2457
ENSGMOG00000008535	2788
ENSGMOG00000008543	20
ENSGMOG00000008551	0
ENSGMOG00000016570	0
ENSGMOG00000016605	22
ENSGMOG00000016628	63
ENSGMOG00000005279	668
ENSGMOG00000008443	300
ENSGMOG00000008444	2770
ENSGMOG00000008445	5270
ENSGMOG00000008446	79
ENSGMOG00000000810	345
ENSGMOG00000002915	5
ENSGMOG00000002928	128
ENSGMOG00000002942	1393
ENSGMOG00000002964	0
ENSGMOG00000012881	1077
ENSGMOG00000012885	3763
ENSGMOG00000012890	302
ENSGMOG00000017231	5
ENSGMOG00000017239	410
ENSGMOG00000007964	0
ENSGMOG00000007969	0
ENSGMOG00000012703	4793
ENSGMOG00000009783	906
ENSGMOG00000009792	3700
ENSGMOG00000009806	12
ENSGMOG00000001735	41
ENSGMOG00000008585	20
ENSGMOG00000007141	1286
ENSGMOG00000007149	42
ENSGMOG00000007159	414
ENSGMOG00000007166	367
ENSGMOG00000008462	1381
ENSGMOG00000009789	266
ENSGMOG00000009795	3
ENSGMOG00000009801	28
ENSGMOG00000009805	0
ENSGMOG00000003700	0
ENSGMOG00000003720	2
ENSGMOG00000003750	248
ENSGMOG00000003787	26
ENSGMOG00000011203	0
ENSGMOG00000011213	1
ENSGMOG00000020135	3
ENSGMOG00000011224	0
ENSGMOG00000000156	25
ENSGMOG00000000157	4
ENSGMOG00000000158	194
ENSGMOG00000000733	27
ENSGMOG00000000740	4773
ENSGMOG00000000755	2671
ENSGMOG00000016583	475
ENSGMOG00000016626	1
ENSGMOG00000016648	162
ENSGMOG00000016671	30
ENSGMOG00000002653	4180
ENSGMOG00000002701	54
ENSGMOG00000019158	196
ENSGMOG00000020309	0
ENSGMOG00000001089	0
ENSGMOG00000001100	1172
ENSGMOG00000001184	6234
ENSGMOG00000021928	6
ENSGMOG00000021689	0
ENSGMOG00000021881	6
ENSGMOG00000001195	31377
ENSGMOG00000020819	0
ENSGMOG00000001218	123
ENSGMOG00000003667	65
ENSGMOG00000003672	20724
ENSGMOG00000003710	417
ENSGMOG00000006951	0
ENSGMOG00000007925	31
ENSGMOG00000018740	97
ENSGMOG00000010861	1208
ENSGMOG00000010869	1412
ENSGMOG00000010881	16533
ENSGMOG00000010884	2131
ENSGMOG00000016074	807
ENSGMOG00000012589	0
ENSGMOG00000000169	2
ENSGMOG00000000173	94
ENSGMOG00000000182	0
ENSGMOG00000015506	2
ENSGMOG00000015524	17
ENSGMOG00000007323	0
ENSGMOG00000013216	7319
ENSGMOG00000013266	1
ENSGMOG00000013276	1967
ENSGMOG00000015704	1
ENSGMOG00000015745	17
ENSGMOG00000010066	318
ENSGMOG00000022038	4
ENSGMOG00000021204	1
ENSGMOG00000010072	2697
ENSGMOG00000010083	0
ENSGMOG00000000631	316
ENSGMOG00000017404	244
ENSGMOG00000017420	1951
ENSGMOG00000019022	340
ENSGMOG00000019035	0
ENSGMOG00000003908	162
ENSGMOG00000020034	0
ENSGMOG00000003931	1059
ENSGMOG00000003957	4362
ENSGMOG00000018320	6
ENSGMOG00000007363	2305
ENSGMOG00000007425	40
ENSGMOG00000007439	448
ENSGMOG00000007446	1815
ENSGMOG00000007462	487
ENSGMOG00000007475	754
ENSGMOG00000018720	0
ENSGMOG00000003411	0
ENSGMOG00000003423	79
ENSGMOG00000003453	2
ENSGMOG00000003482	506
ENSGMOG00000008637	3641
ENSGMOG00000008652	207
ENSGMOG00000008665	119
ENSGMOG00000008679	314
ENSGMOG00000010741	39
ENSGMOG00000002579	66
ENSGMOG00000002586	26
ENSGMOG00000002613	163
ENSGMOG00000002641	1890
ENSGMOG00000012342	13
ENSGMOG00000012364	0
ENSGMOG00000012365	894
ENSGMOG00000017257	1272
ENSGMOG00000009260	2448
ENSGMOG00000009278	6621
ENSGMOG00000009302	558
ENSGMOG00000012270	500
ENSGMOG00000012271	843
ENSGMOG00000020593	5
ENSGMOG00000012276	27
ENSGMOG00000012278	2266
ENSGMOG00000009298	244
ENSGMOG00000001600	1609
ENSGMOG00000001124	1202
ENSGMOG00000001465	9142
ENSGMOG00000001537	1851
ENSGMOG00000001610	0
ENSGMOG00000019947	14
ENSGMOG00000001736	298
ENSGMOG00000001748	744
ENSGMOG00000017808	2
ENSGMOG00000017850	6376
ENSGMOG00000010058	168
ENSGMOG00000010087	2326
ENSGMOG00000000028	1933
ENSGMOG00000000032	2092
ENSGMOG00000006299	16
ENSGMOG00000020227	0
ENSGMOG00000014211	11152
ENSGMOG00000006331	146
ENSGMOG00000006346	865
ENSGMOG00000006366	197
ENSGMOG00000006378	31995
ENSGMOG00000021741	19
ENSGMOG00000021474	43
ENSGMOG00000021676	8
ENSGMOG00000006391	1
ENSGMOG00000006402	0
ENSGMOG00000010322	3223
ENSGMOG00000010347	218
ENSGMOG00000020599	0
ENSGMOG00000012332	51
ENSGMOG00000001779	17
ENSGMOG00000001812	1516
ENSGMOG00000008903	665
ENSGMOG00000008938	100
ENSGMOG00000008951	0
ENSGMOG00000008965	764
ENSGMOG00000008978	2237
ENSGMOG00000008986	3062
ENSGMOG00000008993	2568
ENSGMOG00000009007	718
ENSGMOG00000009037	6
ENSGMOG00000001869	121
ENSGMOG00000001882	1423
ENSGMOG00000011815	31
ENSGMOG00000011843	1801
ENSGMOG00000011856	13
ENSGMOG00000006802	0
ENSGMOG00000006050	0
ENSGMOG00000008705	2255
ENSGMOG00000008726	130
ENSGMOG00000014251	1620
ENSGMOG00000014282	4255
ENSGMOG00000014581	250
ENSGMOG00000020097	55
ENSGMOG00000020312	10
ENSGMOG00000020313	29
ENSGMOG00000005240	350
ENSGMOG00000003078	115
ENSGMOG00000003091	5819
ENSGMOG00000007632	383
ENSGMOG00000007642	6464
ENSGMOG00000007648	144
ENSGMOG00000007652	607
ENSGMOG00000011696	53
ENSGMOG00000011706	3
ENSGMOG00000011712	1202
ENSGMOG00000000583	7
ENSGMOG00000000589	575
ENSGMOG00000000659	646
ENSGMOG00000000696	0
ENSGMOG00000019787	0
ENSGMOG00000019653	1030
ENSGMOG00000019655	5518
ENSGMOG00000019656	632
ENSGMOG00000019659	2
ENSGMOG00000000598	710
ENSGMOG00000000618	32
ENSGMOG00000000628	37
ENSGMOG00000017288	395
ENSGMOG00000017314	136
ENSGMOG00000005401	630
ENSGMOG00000000287	2446
ENSGMOG00000014084	9915
ENSGMOG00000014125	367
ENSGMOG00000014164	9665
ENSGMOG00000011970	661
ENSGMOG00000011979	13
ENSGMOG00000011988	4
ENSGMOG00000020574	3
ENSGMOG00000020575	11
ENSGMOG00000011999	42
ENSGMOG00000020576	16
ENSGMOG00000012002	0
ENSGMOG00000020577	8
ENSGMOG00000007720	205
ENSGMOG00000007734	1303
ENSGMOG00000007738	909
ENSGMOG00000007741	1101
ENSGMOG00000013810	163
ENSGMOG00000004079	54
ENSGMOG00000004098	102
ENSGMOG00000004128	0
ENSGMOG00000012681	3155
ENSGMOG00000012684	33
ENSGMOG00000012686	0
ENSGMOG00000012689	7
ENSGMOG00000001740	217
ENSGMOG00000001756	2
ENSGMOG00000019339	0
ENSGMOG00000014122	5
ENSGMOG00000014133	477
ENSGMOG00000000646	302
ENSGMOG00000016059	45
ENSGMOG00000016066	306
ENSGMOG00000016082	185
ENSGMOG00000014492	391
ENSGMOG00000022057	0
ENSGMOG00000002632	0
ENSGMOG00000002648	232
ENSGMOG00000010843	40
ENSGMOG00000020120	114
ENSGMOG00000010853	82
ENSGMOG00000005634	40
ENSGMOG00000001684	23
ENSGMOG00000001746	6
ENSGMOG00000001755	5023
ENSGMOG00000022023	0
ENSGMOG00000021268	4
ENSGMOG00000021087	7
ENSGMOG00000001799	4
ENSGMOG00000020148	13
ENSGMOG00000011404	8
ENSGMOG00000013852	0
ENSGMOG00000013866	1118
ENSGMOG00000003929	14
ENSGMOG00000012788	172
ENSGMOG00000012791	1401
ENSGMOG00000007243	792
ENSGMOG00000021069	0
ENSGMOG00000011610	861
ENSGMOG00000011638	1305
ENSGMOG00000011647	161
ENSGMOG00000011653	1325
ENSGMOG00000011658	160
ENSGMOG00000011663	1265
ENSGMOG00000021673	2
ENSGMOG00000015773	35
ENSGMOG00000019368	0
ENSGMOG00000014571	0
ENSGMOG00000010328	0
ENSGMOG00000021005	0
ENSGMOG00000003345	0
ENSGMOG00000003354	0
ENSGMOG00000003367	0
ENSGMOG00000003420	1619
ENSGMOG00000003451	45
ENSGMOG00000003477	2616
ENSGMOG00000003494	3
ENSGMOG00000013622	0
ENSGMOG00000013657	16
ENSGMOG00000014153	252
ENSGMOG00000014178	142
ENSGMOG00000014199	1
ENSGMOG00000011697	1525
ENSGMOG00000011704	1324
ENSGMOG00000011708	160
ENSGMOG00000011709	399
ENSGMOG00000011713	378
ENSGMOG00000009130	4883
ENSGMOG00000013465	3
ENSGMOG00000016596	237
ENSGMOG00000016617	1783
ENSGMOG00000016639	583
ENSGMOG00000016664	209
ENSGMOG00000004556	2
ENSGMOG00000004589	16
ENSGMOG00000004701	40
ENSGMOG00000018411	1090
ENSGMOG00000018468	30
ENSGMOG00000018474	3
ENSGMOG00000001009	5
ENSGMOG00000008519	90
ENSGMOG00000011863	55
ENSGMOG00000011868	134
ENSGMOG00000011874	690
ENSGMOG00000019459	1
ENSGMOG00000019463	4
ENSGMOG00000019465	2139
ENSGMOG00000019471	725
ENSGMOG00000015959	61926
ENSGMOG00000015997	87
ENSGMOG00000016001	10
ENSGMOG00000007200	0
ENSGMOG00000007206	829
ENSGMOG00000020526	1
ENSGMOG00000009973	0
ENSGMOG00000009988	56
ENSGMOG00000020527	28
ENSGMOG00000009996	0
ENSGMOG00000010000	3
ENSGMOG00000020528	0
ENSGMOG00000010010	15173
ENSGMOG00000015172	2082
ENSGMOG00000015215	402
ENSGMOG00000015331	837
ENSGMOG00000015400	57
ENSGMOG00000015421	1
ENSGMOG00000015435	117
ENSGMOG00000015454	627
ENSGMOG00000019264	1755
ENSGMOG00000019290	23
ENSGMOG00000010549	2747
ENSGMOG00000004790	0
ENSGMOG00000014175	522
ENSGMOG00000014191	10
ENSGMOG00000014309	1152
ENSGMOG00000014348	34
ENSGMOG00000014362	439
ENSGMOG00000016589	0
ENSGMOG00000016612	0
ENSGMOG00000004652	26
ENSGMOG00000022058	1
ENSGMOG00000020060	165
ENSGMOG00000004661	1
ENSGMOG00000010600	2155
ENSGMOG00000010607	581
ENSGMOG00000010612	0
ENSGMOG00000006395	374
ENSGMOG00000006418	917
ENSGMOG00000006427	3003
ENSGMOG00000006441	24
ENSGMOG00000004442	1059
ENSGMOG00000004567	11
ENSGMOG00000004575	146
ENSGMOG00000004654	117
ENSGMOG00000004674	0
ENSGMOG00000019235	1
ENSGMOG00000019241	6
ENSGMOG00000017041	1351
ENSGMOG00000000945	2231
ENSGMOG00000005186	78
ENSGMOG00000002881	3333
ENSGMOG00000002977	29209
ENSGMOG00000002999	0
ENSGMOG00000000826	8658
ENSGMOG00000019918	3
ENSGMOG00000000834	200
ENSGMOG00000000842	5093
ENSGMOG00000014839	0
ENSGMOG00000019846	80
ENSGMOG00000019847	39
ENSGMOG00000014845	305
ENSGMOG00000014901	2131
ENSGMOG00000006054	1233
ENSGMOG00000006076	3
ENSGMOG00000006088	1475
ENSGMOG00000006096	329
ENSGMOG00000018526	242
ENSGMOG00000005962	533
ENSGMOG00000015189	0
ENSGMOG00000015433	629
ENSGMOG00000015471	0
ENSGMOG00000016128	943
ENSGMOG00000020345	121
ENSGMOG00000016210	0
ENSGMOG00000015472	1106
ENSGMOG00000013582	3914
ENSGMOG00000013609	107
ENSGMOG00000013621	879
ENSGMOG00000013634	12
ENSGMOG00000013648	476
ENSGMOG00000010581	2209
ENSGMOG00000010586	366
ENSGMOG00000010598	27
ENSGMOG00000006634	393
ENSGMOG00000006643	5
ENSGMOG00000018708	514
ENSGMOG00000018716	481
ENSGMOG00000003569	0
ENSGMOG00000003618	479
ENSGMOG00000003671	32
ENSGMOG00000015141	25
ENSGMOG00000017655	152
ENSGMOG00000017669	3
ENSGMOG00000006862	4
ENSGMOG00000018886	3
ENSGMOG00000018892	18
ENSGMOG00000018905	612
ENSGMOG00000018908	1580
ENSGMOG00000018924	8264
ENSGMOG00000004102	0
ENSGMOG00000004112	5
ENSGMOG00000004126	1025
ENSGMOG00000004137	175
ENSGMOG00000015361	275
ENSGMOG00000015436	1
ENSGMOG00000017480	1
ENSGMOG00000017488	0
ENSGMOG00000000280	68
ENSGMOG00000018166	1974
ENSGMOG00000018176	65
ENSGMOG00000018185	2
ENSGMOG00000007709	136
ENSGMOG00000007726	0
ENSGMOG00000007732	1933
ENSGMOG00000015814	5
ENSGMOG00000015843	1487
ENSGMOG00000000572	579
ENSGMOG00000000657	222675
ENSGMOG00000000693	249
ENSGMOG00000000707	11690
ENSGMOG00000000724	155
ENSGMOG00000002771	2572
ENSGMOG00000002810	42
ENSGMOG00000002834	1895
ENSGMOG00000002875	219
ENSGMOG00000002894	51
ENSGMOG00000002913	47
ENSGMOG00000002927	657
ENSGMOG00000017327	772
ENSGMOG00000017334	1315
ENSGMOG00000020804	4
ENSGMOG00000021292	0
ENSGMOG00000020615	0
ENSGMOG00000021175	21
ENSGMOG00000022049	0
ENSGMOG00000021672	0
ENSGMOG00000009921	1105
ENSGMOG00000017119	424
ENSGMOG00000010566	32
ENSGMOG00000010570	494
ENSGMOG00000010573	1
ENSGMOG00000006463	443
ENSGMOG00000006475	3
ENSGMOG00000009405	0
ENSGMOG00000009408	1108
ENSGMOG00000009414	450
ENSGMOG00000009423	150
ENSGMOG00000009431	1784
ENSGMOG00000009441	1620
ENSGMOG00000009453	463
ENSGMOG00000001625	152
ENSGMOG00000002888	21
ENSGMOG00000002900	1
ENSGMOG00000003050	1
ENSGMOG00000003070	1
ENSGMOG00000016796	2530
ENSGMOG00000016852	2487
ENSGMOG00000016010	4785
ENSGMOG00000016050	54
ENSGMOG00000016076	2886
ENSGMOG00000016102	24306
ENSGMOG00000009491	0
ENSGMOG00000009493	3048
ENSGMOG00000019888	0
ENSGMOG00000009502	2
ENSGMOG00000009511	6
ENSGMOG00000007034	492
ENSGMOG00000019303	369
ENSGMOG00000019308	1547
ENSGMOG00000019313	66
ENSGMOG00000019320	264
ENSGMOG00000019328	629
ENSGMOG00000019340	164
ENSGMOG00000019342	2696
ENSGMOG00000019359	3
ENSGMOG00000005333	12
ENSGMOG00000005342	1359
ENSGMOG00000005296	155
ENSGMOG00000005311	152
ENSGMOG00000019356	778
ENSGMOG00000019362	1145
ENSGMOG00000019365	0
ENSGMOG00000014551	271
ENSGMOG00000014576	234
ENSGMOG00000014596	5185
ENSGMOG00000014628	250
ENSGMOG00000020885	3
ENSGMOG00000014657	107
ENSGMOG00000017836	19
ENSGMOG00000015927	5
ENSGMOG00000019217	9
ENSGMOG00000006573	10
ENSGMOG00000009168	0
ENSGMOG00000008828	0
ENSGMOG00000008386	292
ENSGMOG00000008388	266
ENSGMOG00000011210	23
ENSGMOG00000011220	1
ENSGMOG00000011230	0
ENSGMOG00000014917	2101
ENSGMOG00000014944	71
ENSGMOG00000015045	217
ENSGMOG00000006957	12
ENSGMOG00000006961	621
ENSGMOG00000011333	0
ENSGMOG00000005384	861
ENSGMOG00000005414	8
ENSGMOG00000005908	369
ENSGMOG00000005929	510
ENSGMOG00000005937	68
ENSGMOG00000012734	24
ENSGMOG00000012739	827
ENSGMOG00000012753	242
ENSGMOG00000012757	556
ENSGMOG00000009380	183
ENSGMOG00000009386	1666
ENSGMOG00000009397	764
ENSGMOG00000009415	316
ENSGMOG00000009421	2135
ENSGMOG00000014042	3405
ENSGMOG00000014056	881
ENSGMOG00000014086	586
ENSGMOG00000014096	1413
ENSGMOG00000013934	65
ENSGMOG00000013954	952
ENSGMOG00000001054	675
ENSGMOG00000001064	1240
ENSGMOG00000015184	1783
ENSGMOG00000018263	1769
ENSGMOG00000018312	4
ENSGMOG00000013597	33154
ENSGMOG00000003603	548
ENSGMOG00000003595	33
ENSGMOG00000003617	28
ENSGMOG00000010831	580
ENSGMOG00000010859	320
ENSGMOG00000006739	179
ENSGMOG00000004714	39
ENSGMOG00000004754	1648
ENSGMOG00000016679	7
ENSGMOG00000009170	423
ENSGMOG00000000386	274
ENSGMOG00000000402	165
ENSGMOG00000005006	239
ENSGMOG00000005072	46
ENSGMOG00000008860	2
ENSGMOG00000021010	0
ENSGMOG00000021796	1
ENSGMOG00000013003	10447
ENSGMOG00000013023	13
ENSGMOG00000011376	2
ENSGMOG00000019457	24
ENSGMOG00000011264	109
ENSGMOG00000001650	3
ENSGMOG00000001697	1845
ENSGMOG00000001739	384
ENSGMOG00000017208	16
ENSGMOG00000017217	0
ENSGMOG00000013527	1139
ENSGMOG00000013552	229
ENSGMOG00000018216	118
ENSGMOG00000015502	723
ENSGMOG00000016443	1190
ENSGMOG00000000281	259
ENSGMOG00000000878	47
ENSGMOG00000004614	145
ENSGMOG00000017421	1730
ENSGMOG00000020971	3
ENSGMOG00000007608	0
ENSGMOG00000014998	208
ENSGMOG00000015025	3621
ENSGMOG00000013518	1
ENSGMOG00000006414	0
ENSGMOG00000006424	0
ENSGMOG00000016750	989
ENSGMOG00000016768	398
ENSGMOG00000020392	506
ENSGMOG00000016783	6326
ENSGMOG00000019751	0
ENSGMOG00000000012	206
ENSGMOG00000017769	8
ENSGMOG00000010530	1951
ENSGMOG00000000934	31
ENSGMOG00000000941	381
ENSGMOG00000020710	2
ENSGMOG00000015198	1
ENSGMOG00000015238	142
ENSGMOG00000015269	81
ENSGMOG00000019942	2
ENSGMOG00000022025	0
ENSGMOG00000006451	158
ENSGMOG00000006460	1
ENSGMOG00000017443	1105
ENSGMOG00000017482	13
ENSGMOG00000014327	200
ENSGMOG00000012862	0
ENSGMOG00000012868	3920
ENSGMOG00000012875	1425
ENSGMOG00000012884	89
ENSGMOG00000019077	664
ENSGMOG00000021626	18
ENSGMOG00000020643	1
ENSGMOG00000021588	0
ENSGMOG00000012768	1532
ENSGMOG00000016284	26
ENSGMOG00000016354	1
ENSGMOG00000014649	0
ENSGMOG00000014655	0
ENSGMOG00000018571	220
ENSGMOG00000020289	91
ENSGMOG00000005454	2
ENSGMOG00000005475	0
ENSGMOG00000015849	3
ENSGMOG00000015878	1426
ENSGMOG00000015953	40
ENSGMOG00000016838	88
ENSGMOG00000019799	91
ENSGMOG00000018478	9
ENSGMOG00000018491	55
ENSGMOG00000021156	3
ENSGMOG00000021558	8
ENSGMOG00000018516	2795
ENSGMOG00000018539	0
ENSGMOG00000018549	0
ENSGMOG00000017921	175
ENSGMOG00000017931	11324
ENSGMOG00000010128	1608
ENSGMOG00000010135	53
ENSGMOG00000010142	1355
ENSGMOG00000010154	777
ENSGMOG00000010161	1703
ENSGMOG00000010185	1436
ENSGMOG00000011189	12
ENSGMOG00000011191	736
ENSGMOG00000012294	5845
ENSGMOG00000001564	6
ENSGMOG00000020911	0
ENSGMOG00000007666	9268
ENSGMOG00000007672	1503
ENSGMOG00000007678	6904
ENSGMOG00000002426	15
ENSGMOG00000002445	9
ENSGMOG00000016287	1
ENSGMOG00000016299	0
ENSGMOG00000016325	199
ENSGMOG00000016338	191
ENSGMOG00000005785	627
ENSGMOG00000005795	1553
ENSGMOG00000005811	5
ENSGMOG00000005824	9950
ENSGMOG00000005833	5343
ENSGMOG00000009686	1
ENSGMOG00000019897	0
ENSGMOG00000009698	0
ENSGMOG00000009708	92
ENSGMOG00000014399	5
ENSGMOG00000021275	0
ENSGMOG00000009402	0
ENSGMOG00000009404	1
ENSGMOG00000009412	0
ENSGMOG00000013662	692
ENSGMOG00000013687	766
ENSGMOG00000013712	21
ENSGMOG00000009729	23
ENSGMOG00000009760	0
ENSGMOG00000012150	0
ENSGMOG00000007452	7
ENSGMOG00000007458	2242
ENSGMOG00000007474	263
ENSGMOG00000007479	7
ENSGMOG00000015486	12
ENSGMOG00000015504	104
ENSGMOG00000015556	3
ENSGMOG00000010930	11
ENSGMOG00000010939	28
ENSGMOG00000017107	184
ENSGMOG00000017129	206
ENSGMOG00000017134	227
ENSGMOG00000017152	4
ENSGMOG00000017197	164
ENSGMOG00000017207	1237
ENSGMOG00000000129	793
ENSGMOG00000004596	9
ENSGMOG00000016489	1
ENSGMOG00000016499	0
ENSGMOG00000010692	472
ENSGMOG00000010705	1099
ENSGMOG00000014336	757
ENSGMOG00000011268	4
ENSGMOG00000002055	0
ENSGMOG00000012780	2786
ENSGMOG00000014568	48
ENSGMOG00000014609	29
ENSGMOG00000014623	375
ENSGMOG00000014725	3
ENSGMOG00000022115	0
ENSGMOG00000000831	7
ENSGMOG00000000844	0
ENSGMOG00000001983	14
ENSGMOG00000002005	16
ENSGMOG00000010092	317
ENSGMOG00000010107	1927
ENSGMOG00000010120	199
ENSGMOG00000016546	12
ENSGMOG00000020372	0
ENSGMOG00000016556	1922
ENSGMOG00000016581	2448
ENSGMOG00000001920	741
ENSGMOG00000001932	11
ENSGMOG00000001937	1527
ENSGMOG00000005234	45273
ENSGMOG00000020433	0
ENSGMOG00000020434	6
ENSGMOG00000005252	42
ENSGMOG00000020435	0
ENSGMOG00000020436	3
ENSGMOG00000020437	0
ENSGMOG00000000520	3445
ENSGMOG00000000529	89
ENSGMOG00000000545	187
ENSGMOG00000000556	15
ENSGMOG00000008393	944
ENSGMOG00000008409	807
ENSGMOG00000008412	0
ENSGMOG00000018527	0
ENSGMOG00000018536	146
ENSGMOG00000018547	173
ENSGMOG00000018564	27
ENSGMOG00000018574	0
ENSGMOG00000016206	2003
ENSGMOG00000015520	36
ENSGMOG00000015731	2
ENSGMOG00000015755	1402
ENSGMOG00000013228	48
ENSGMOG00000013235	48
ENSGMOG00000013293	1377
ENSGMOG00000020490	0
ENSGMOG00000018338	202
ENSGMOG00000018350	43569
ENSGMOG00000022125	16
ENSGMOG00000021289	79
ENSGMOG00000018365	0
ENSGMOG00000018375	526
ENSGMOG00000018392	77
ENSGMOG00000018395	10
ENSGMOG00000018432	0
ENSGMOG00000000131	3192
ENSGMOG00000008818	260
ENSGMOG00000018942	656
ENSGMOG00000018956	289
ENSGMOG00000018960	314
ENSGMOG00000018980	468
ENSGMOG00000009499	32
ENSGMOG00000009504	0
ENSGMOG00000009508	1
ENSGMOG00000009519	0
ENSGMOG00000009524	349
ENSGMOG00000011015	168
ENSGMOG00000000928	73
ENSGMOG00000000967	110
ENSGMOG00000019927	0
ENSGMOG00000000978	1374
ENSGMOG00000002371	4108
ENSGMOG00000017743	168
ENSGMOG00000015066	1515
ENSGMOG00000015121	2602
ENSGMOG00000005813	23
ENSGMOG00000008036	0
ENSGMOG00000005312	75
ENSGMOG00000000757	843
ENSGMOG00000000790	2071
ENSGMOG00000000799	1810
ENSGMOG00000002926	404
ENSGMOG00000004937	664
ENSGMOG00000005012	65
ENSGMOG00000005026	279
ENSGMOG00000005044	0
ENSGMOG00000014160	0
ENSGMOG00000014171	109
ENSGMOG00000007521	24
ENSGMOG00000005484	10
ENSGMOG00000005499	6
ENSGMOG00000018513	98
ENSGMOG00000018537	0
ENSGMOG00000018543	447
ENSGMOG00000018601	1
ENSGMOG00000018606	575
ENSGMOG00000010430	8
ENSGMOG00000010448	1
ENSGMOG00000010129	2792
ENSGMOG00000020537	11756
ENSGMOG00000001376	2
ENSGMOG00000001421	60
ENSGMOG00000001432	66
ENSGMOG00000001443	15
ENSGMOG00000019960	0
ENSGMOG00000001454	0
ENSGMOG00000014049	1
ENSGMOG00000013258	0
ENSGMOG00000004646	195
ENSGMOG00000004660	0
ENSGMOG00000018007	472
ENSGMOG00000018042	127
ENSGMOG00000018050	325
ENSGMOG00000018109	8
ENSGMOG00000002420	21
ENSGMOG00000002241	21
ENSGMOG00000001556	44
ENSGMOG00000005697	1884
ENSGMOG00000017974	14
ENSGMOG00000002797	188
ENSGMOG00000016173	4282
ENSGMOG00000016190	1
ENSGMOG00000016294	321
ENSGMOG00000011477	15627
ENSGMOG00000011293	1451
ENSGMOG00000011311	47
ENSGMOG00000022096	0
ENSGMOG00000009645	644
ENSGMOG00000002000	0
ENSGMOG00000002136	3
ENSGMOG00000013913	42
ENSGMOG00000013926	58
ENSGMOG00000002487	3
ENSGMOG00000000064	203
ENSGMOG00000018911	364
ENSGMOG00000018961	1614
ENSGMOG00000018981	3
ENSGMOG00000014624	41
ENSGMOG00000019898	0
ENSGMOG00000014008	1766
ENSGMOG00000014034	68
ENSGMOG00000020084	769
ENSGMOG00000014058	30
ENSGMOG00000014101	279
ENSGMOG00000018236	961
ENSGMOG00000006156	324
ENSGMOG00000006226	0
ENSGMOG00000006234	15
ENSGMOG00000011761	0
ENSGMOG00000011767	7
ENSGMOG00000002789	393
ENSGMOG00000011926	0
ENSGMOG00000011932	1277
ENSGMOG00000011942	22
ENSGMOG00000011951	0
ENSGMOG00000008025	50
ENSGMOG00000009895	382
ENSGMOG00000019306	14
ENSGMOG00000019346	303
ENSGMOG00000019353	2
ENSGMOG00000019358	1
ENSGMOG00000019490	1975
ENSGMOG00000019493	670
ENSGMOG00000006469	8
ENSGMOG00000006485	1178
ENSGMOG00000015385	326
ENSGMOG00000015398	145
ENSGMOG00000015429	2249
ENSGMOG00000015587	508
ENSGMOG00000015606	7200
ENSGMOG00000015313	23
ENSGMOG00000009885	473
ENSGMOG00000013669	4
ENSGMOG00000013688	0
ENSGMOG00000003249	0
ENSGMOG00000003259	1
ENSGMOG00000003325	8
ENSGMOG00000019706	136
ENSGMOG00000017919	461
ENSGMOG00000020266	6931
ENSGMOG00000017953	75
ENSGMOG00000000957	90364
ENSGMOG00000000977	30
ENSGMOG00000001018	780
ENSGMOG00000001041	407
ENSGMOG00000001045	0
ENSGMOG00000016733	94
ENSGMOG00000017201	32
ENSGMOG00000017250	26
ENSGMOG00000017260	1
ENSGMOG00000013766	557
ENSGMOG00000003800	3
ENSGMOG00000003885	1
ENSGMOG00000003907	1880
ENSGMOG00000009241	260
ENSGMOG00000009256	1815
ENSGMOG00000009316	149
ENSGMOG00000014750	3084
ENSGMOG00000014767	743
ENSGMOG00000000408	33
ENSGMOG00000004507	0
ENSGMOG00000004534	187
ENSGMOG00000004560	69
ENSGMOG00000017990	235
ENSGMOG00000017995	460
ENSGMOG00000014664	9
ENSGMOG00000014690	0
ENSGMOG00000013347	0
ENSGMOG00000013384	377
ENSGMOG00000013390	886
ENSGMOG00000013398	4386
ENSGMOG00000013459	10
ENSGMOG00000009678	614
ENSGMOG00000009693	442
ENSGMOG00000009706	10
ENSGMOG00000009709	10401
ENSGMOG00000009721	4138
ENSGMOG00000001480	273
ENSGMOG00000005687	7152
ENSGMOG00000012976	18
ENSGMOG00000012988	37
ENSGMOG00000020476	0
ENSGMOG00000013063	6
ENSGMOG00000009741	0
ENSGMOG00000015508	2797
ENSGMOG00000015536	1792
ENSGMOG00000015555	2149
ENSGMOG00000015563	1569
ENSGMOG00000004630	736
ENSGMOG00000004651	5168
ENSGMOG00000004686	77
ENSGMOG00000005700	1515
ENSGMOG00000003002	1157
ENSGMOG00000014719	697
ENSGMOG00000014779	6763
ENSGMOG00000020973	0
ENSGMOG00000015021	137
ENSGMOG00000015051	11
ENSGMOG00000015072	278
ENSGMOG00000019930	6
ENSGMOG00000006404	767
ENSGMOG00000015342	85
ENSGMOG00000002627	90
ENSGMOG00000016881	362
ENSGMOG00000001800	26
ENSGMOG00000001810	1240
ENSGMOG00000001978	1117
ENSGMOG00000001990	0
ENSGMOG00000003861	427
ENSGMOG00000003882	7783
ENSGMOG00000014374	44
ENSGMOG00000016123	0
ENSGMOG00000020776	1
ENSGMOG00000006123	2586
ENSGMOG00000006139	7
ENSGMOG00000020224	0
ENSGMOG00000006157	182
ENSGMOG00000012372	1105
ENSGMOG00000016888	7
ENSGMOG00000016310	1239
ENSGMOG00000016345	9
ENSGMOG00000017277	2846
ENSGMOG00000020755	0
ENSGMOG00000020928	0
ENSGMOG00000019818	0
ENSGMOG00000021285	2
ENSGMOG00000018946	14
ENSGMOG00000018993	957
ENSGMOG00000002925	365
ENSGMOG00000002953	978
ENSGMOG00000009804	0
ENSGMOG00000009812	0
ENSGMOG00000000016	951
ENSGMOG00000000018	2314
ENSGMOG00000000020	431
ENSGMOG00000000023	578
ENSGMOG00000015998	715
ENSGMOG00000016040	86761
ENSGMOG00000016058	3762
ENSGMOG00000013656	2
ENSGMOG00000013725	523
ENSGMOG00000005101	1
ENSGMOG00000005106	108
ENSGMOG00000005977	4
ENSGMOG00000005983	319
ENSGMOG00000008555	377
ENSGMOG00000008562	1593
ENSGMOG00000000582	4
ENSGMOG00000000595	1468
ENSGMOG00000000617	1445
ENSGMOG00000010672	1226
ENSGMOG00000010689	1
ENSGMOG00000006959	193
ENSGMOG00000011426	0
ENSGMOG00000005371	485
ENSGMOG00000005465	1
ENSGMOG00000001825	963
ENSGMOG00000001834	414
ENSGMOG00000014007	0
ENSGMOG00000014021	230
ENSGMOG00000014085	694
ENSGMOG00000003146	1436
ENSGMOG00000019466	0
ENSGMOG00000019468	1066
ENSGMOG00000019474	247
ENSGMOG00000019476	5
ENSGMOG00000017366	0
ENSGMOG00000017373	86
ENSGMOG00000016933	0
ENSGMOG00000016952	1106
ENSGMOG00000006337	11
ENSGMOG00000006364	128
ENSGMOG00000006372	675
ENSGMOG00000006410	0
ENSGMOG00000009676	5
ENSGMOG00000007379	7
ENSGMOG00000007390	2060
ENSGMOG00000007397	138
ENSGMOG00000000318	234
ENSGMOG00000000322	25
ENSGMOG00000009515	4
ENSGMOG00000009527	282
ENSGMOG00000021442	3
ENSGMOG00000021431	1
ENSGMOG00000022029	31
ENSGMOG00000020637	6
ENSGMOG00000020760	6
ENSGMOG00000021237	16
ENSGMOG00000009541	538682
ENSGMOG00000009552	331932
ENSGMOG00000005552	1026
ENSGMOG00000020732	0
ENSGMOG00000000555	40413
ENSGMOG00000015014	239
ENSGMOG00000015050	1073
ENSGMOG00000015073	32
ENSGMOG00000017558	35
ENSGMOG00000017572	0
ENSGMOG00000017585	831
ENSGMOG00000017611	1530
ENSGMOG00000004971	574
ENSGMOG00000009379	405
ENSGMOG00000009391	2043
ENSGMOG00000016430	47
ENSGMOG00000013943	355
ENSGMOG00000013991	2130
ENSGMOG00000005736	46
ENSGMOG00000005743	650
ENSGMOG00000005749	5
ENSGMOG00000000345	186
ENSGMOG00000000354	67
ENSGMOG00000005598	21
ENSGMOG00000015537	0
ENSGMOG00000015567	167405
ENSGMOG00000015357	34
ENSGMOG00000015372	611
ENSGMOG00000015411	1
ENSGMOG00000015417	68
ENSGMOG00000015451	951
ENSGMOG00000014441	1
ENSGMOG00000008730	0
ENSGMOG00000008733	0
ENSGMOG00000008738	972
ENSGMOG00000008743	763
ENSGMOG00000008747	1593
ENSGMOG00000008755	106
ENSGMOG00000008766	153
ENSGMOG00000016451	25
ENSGMOG00000016457	545
ENSGMOG00000016463	1162
ENSGMOG00000016485	581
ENSGMOG00000011842	64
ENSGMOG00000015153	131
ENSGMOG00000015171	136
ENSGMOG00000015195	348
ENSGMOG00000015218	35840
ENSGMOG00000021636	2
ENSGMOG00000020980	16
ENSGMOG00000021434	3
ENSGMOG00000021099	18
ENSGMOG00000015230	1403
ENSGMOG00000012012	66
ENSGMOG00000006639	301
ENSGMOG00000006667	146
ENSGMOG00000017142	279
ENSGMOG00000017156	0
ENSGMOG00000017183	0
ENSGMOG00000010555	1691
ENSGMOG00000010574	0
ENSGMOG00000004214	113
ENSGMOG00000011066	216
ENSGMOG00000011079	195
ENSGMOG00000011087	171
ENSGMOG00000011099	0
ENSGMOG00000011106	203
ENSGMOG00000011112	1474
ENSGMOG00000011136	5
ENSGMOG00000011152	191
ENSGMOG00000004702	18
ENSGMOG00000018590	44
ENSGMOG00000018605	167
ENSGMOG00000003842	372
ENSGMOG00000002252	532
ENSGMOG00000002288	2738
ENSGMOG00000002309	990
ENSGMOG00000002342	536
ENSGMOG00000002357	746
ENSGMOG00000000568	29
ENSGMOG00000000607	3
ENSGMOG00000001931	3
ENSGMOG00000021982	0
ENSGMOG00000013381	54
ENSGMOG00000013769	23
ENSGMOG00000013799	139
ENSGMOG00000009662	404
ENSGMOG00000005769	1630
ENSGMOG00000005784	462
ENSGMOG00000005805	393
ENSGMOG00000005821	138
ENSGMOG00000016858	408
ENSGMOG00000014444	888
ENSGMOG00000014449	0
ENSGMOG00000014523	513
ENSGMOG00000014554	4049
ENSGMOG00000014591	376
ENSGMOG00000014607	612
ENSGMOG00000016351	434
ENSGMOG00000016386	52
ENSGMOG00000016592	0
ENSGMOG00000006751	0
ENSGMOG00000002506	983
ENSGMOG00000002521	1816
ENSGMOG00000002541	5570
ENSGMOG00000008896	0
ENSGMOG00000008898	8
ENSGMOG00000010462	26
ENSGMOG00000010467	360
ENSGMOG00000010478	2
ENSGMOG00000010486	160
ENSGMOG00000010497	1809
ENSGMOG00000010511	252
ENSGMOG00000004857	544
ENSGMOG00000004856	982
ENSGMOG00000004886	1
ENSGMOG00000004910	272
ENSGMOG00000016782	11
ENSGMOG00000004891	10
ENSGMOG00000004909	4
ENSGMOG00000012381	32
ENSGMOG00000004298	2089
ENSGMOG00000003329	1
ENSGMOG00000000519	2754
ENSGMOG00000014653	649
ENSGMOG00000009355	6261
ENSGMOG00000009367	43
ENSGMOG00000009374	708
ENSGMOG00000009381	0
ENSGMOG00000009385	653
ENSGMOG00000010714	622
ENSGMOG00000002138	0
ENSGMOG00000005313	689
ENSGMOG00000012724	73
ENSGMOG00000000275	13
ENSGMOG00000018603	341
ENSGMOG00000021032	10
ENSGMOG00000021735	0
ENSGMOG00000021297	1
ENSGMOG00000021570	25
ENSGMOG00000018614	24
ENSGMOG00000018633	35
ENSGMOG00000018641	754
ENSGMOG00000018653	183
ENSGMOG00000018662	2116
ENSGMOG00000018668	1155
ENSGMOG00000018699	388
ENSGMOG00000003537	419
ENSGMOG00000003573	3062
ENSGMOG00000003583	13
ENSGMOG00000009227	1
ENSGMOG00000014001	0
ENSGMOG00000014033	0
ENSGMOG00000018000	0
ENSGMOG00000020388	34
ENSGMOG00000016588	8061
ENSGMOG00000016600	4021
ENSGMOG00000016606	165
ENSGMOG00000016613	83
ENSGMOG00000016666	31
ENSGMOG00000016698	3
ENSGMOG00000001555	365
ENSGMOG00000001572	155
ENSGMOG00000001690	235
ENSGMOG00000021089	23
ENSGMOG00000020716	8
ENSGMOG00000001916	33
ENSGMOG00000009788	895
ENSGMOG00000009810	2
ENSGMOG00000016035	5
ENSGMOG00000016067	270
ENSGMOG00000016090	23224
ENSGMOG00000021046	5
ENSGMOG00000021042	0
ENSGMOG00000012746	457
ENSGMOG00000008433	870
ENSGMOG00000005426	96
ENSGMOG00000005445	1710
ENSGMOG00000005471	19
ENSGMOG00000005486	0
ENSGMOG00000005669	0
ENSGMOG00000010133	1143
ENSGMOG00000010136	1565
ENSGMOG00000010145	5
ENSGMOG00000010149	1454
ENSGMOG00000004099	1167
ENSGMOG00000015558	737
ENSGMOG00000015576	365
ENSGMOG00000009268	9
ENSGMOG00000013691	96
ENSGMOG00000013697	6
ENSGMOG00000013701	168
ENSGMOG00000020331	8
ENSGMOG00000002444	3438
ENSGMOG00000002489	3020
ENSGMOG00000002499	814
ENSGMOG00000014744	135
ENSGMOG00000014766	521
ENSGMOG00000014787	987
ENSGMOG00000014803	627
ENSGMOG00000014810	437
ENSGMOG00000014879	1085
ENSGMOG00000014916	29293
ENSGMOG00000014934	4175
ENSGMOG00000006356	561
ENSGMOG00000006396	2488
ENSGMOG00000009503	3914
ENSGMOG00000009506	1037
ENSGMOG00000009517	2867
ENSGMOG00000006208	399
ENSGMOG00000006224	3611
ENSGMOG00000006255	107
ENSGMOG00000006275	142
ENSGMOG00000017478	3
ENSGMOG00000013922	115
ENSGMOG00000020082	30
ENSGMOG00000013956	184
ENSGMOG00000011684	2577
ENSGMOG00000011688	2230
ENSGMOG00000011692	1734
ENSGMOG00000002121	1
ENSGMOG00000002157	1391
ENSGMOG00000002236	68
ENSGMOG00000001832	10067
ENSGMOG00000001497	701
ENSGMOG00000001511	1038
ENSGMOG00000013859	48
ENSGMOG00000018161	1514
ENSGMOG00000018172	1
ENSGMOG00000018184	0
ENSGMOG00000018194	144
ENSGMOG00000018207	183
ENSGMOG00000018215	1523
ENSGMOG00000018230	919
ENSGMOG00000008317	8
ENSGMOG00000004500	0
ENSGMOG00000004512	0
ENSGMOG00000013330	5
ENSGMOG00000013341	14606
ENSGMOG00000013363	121
ENSGMOG00000013370	25
ENSGMOG00000020492	13
ENSGMOG00000007365	488
ENSGMOG00000007375	9
ENSGMOG00000007381	8
ENSGMOG00000003421	6099
ENSGMOG00000003440	299
ENSGMOG00000003466	331
ENSGMOG00000003478	0
ENSGMOG00000015768	61
ENSGMOG00000002493	623
ENSGMOG00000012599	23527
ENSGMOG00000012602	3
ENSGMOG00000012605	1180
ENSGMOG00000013026	339
ENSGMOG00000013037	697
ENSGMOG00000014547	1
ENSGMOG00000008254	193
ENSGMOG00000020407	461
ENSGMOG00000014875	38
ENSGMOG00000014890	16
ENSGMOG00000016384	1
ENSGMOG00000016398	126
ENSGMOG00000017718	497
ENSGMOG00000017738	76
ENSGMOG00000006947	1667
ENSGMOG00000006956	1848
ENSGMOG00000006972	788
ENSGMOG00000005007	372
ENSGMOG00000005046	68
ENSGMOG00000020423	370
ENSGMOG00000016337	3908
ENSGMOG00000016245	0
ENSGMOG00000002775	287
ENSGMOG00000018600	506
ENSGMOG00000001368	1
ENSGMOG00000010463	1773
ENSGMOG00000016476	308
ENSGMOG00000016515	29
ENSGMOG00000016530	2320
ENSGMOG00000008026	1452
ENSGMOG00000008035	493
ENSGMOG00000011024	812
ENSGMOG00000011031	0
ENSGMOG00000000536	991
ENSGMOG00000011497	0
ENSGMOG00000011505	0
ENSGMOG00000010557	202
ENSGMOG00000010567	167
ENSGMOG00000010582	295
ENSGMOG00000008583	740
ENSGMOG00000008590	75
ENSGMOG00000021575	0
ENSGMOG00000001459	16
ENSGMOG00000001479	0
ENSGMOG00000001502	3
ENSGMOG00000011356	327
ENSGMOG00000011364	2614
ENSGMOG00000011372	472
ENSGMOG00000011380	149
ENSGMOG00000007053	543
ENSGMOG00000007061	517
ENSGMOG00000000528	111
ENSGMOG00000000544	500
ENSGMOG00000000483	2735
ENSGMOG00000000508	3497
ENSGMOG00000002312	0
ENSGMOG00000018254	45
ENSGMOG00000018272	390
ENSGMOG00000012777	74
ENSGMOG00000019040	1176
ENSGMOG00000019053	37
ENSGMOG00000013590	0
ENSGMOG00000013793	156
ENSGMOG00000013824	30553
ENSGMOG00000003663	64
ENSGMOG00000000029	834
ENSGMOG00000000033	310
ENSGMOG00000000034	134
ENSGMOG00000008597	0
ENSGMOG00000014630	785
ENSGMOG00000014652	613
ENSGMOG00000014697	114
ENSGMOG00000013424	0
ENSGMOG00000013436	3365
ENSGMOG00000002561	2
ENSGMOG00000020790	0
ENSGMOG00000014548	388
ENSGMOG00000008514	2
ENSGMOG00000008518	31
ENSGMOG00000008522	755
ENSGMOG00000006897	0
ENSGMOG00000006907	1
ENSGMOG00000020172	0
ENSGMOG00000020173	1
ENSGMOG00000002139	2597
ENSGMOG00000002154	713
ENSGMOG00000002170	74
ENSGMOG00000002204	38
ENSGMOG00000002216	167
ENSGMOG00000002253	16416
ENSGMOG00000016542	138
ENSGMOG00000003557	7
ENSGMOG00000003565	521
ENSGMOG00000002166	3187
ENSGMOG00000002224	28
ENSGMOG00000002260	780
ENSGMOG00000002273	473
ENSGMOG00000009585	198
ENSGMOG00000008843	2010
ENSGMOG00000006277	69
ENSGMOG00000006302	67
ENSGMOG00000006315	26
ENSGMOG00000014903	1154
ENSGMOG00000014918	941
ENSGMOG00000006073	179
ENSGMOG00000010431	262
ENSGMOG00000010438	302
ENSGMOG00000001381	362
ENSGMOG00000019963	0
ENSGMOG00000001415	0
ENSGMOG00000006390	261
ENSGMOG00000006416	29
ENSGMOG00000000413	35
ENSGMOG00000000423	0
ENSGMOG00000009822	82
ENSGMOG00000011114	0
ENSGMOG00000011120	0
ENSGMOG00000011124	208
ENSGMOG00000011129	589
ENSGMOG00000011137	294
ENSGMOG00000000250	1867
ENSGMOG00000021868	1
ENSGMOG00000008022	150
ENSGMOG00000009618	3
ENSGMOG00000011554	382
ENSGMOG00000005422	3
ENSGMOG00000020450	8
ENSGMOG00000013442	182
ENSGMOG00000013449	23
ENSGMOG00000006051	5959
ENSGMOG00000008431	1205
ENSGMOG00000008432	819
ENSGMOG00000008436	296
ENSGMOG00000015341	542
ENSGMOG00000015355	123
ENSGMOG00000015406	0
ENSGMOG00000009621	8
ENSGMOG00000012904	11
ENSGMOG00000016766	17
ENSGMOG00000016787	0
ENSGMOG00000012683	655
ENSGMOG00000020038	7059
ENSGMOG00000003967	1731
ENSGMOG00000013286	928
ENSGMOG00000011589	1359
ENSGMOG00000009975	1
ENSGMOG00000020529	499
ENSGMOG00000020530	523
ENSGMOG00000001473	148
ENSGMOG00000001486	33
ENSGMOG00000020244	221
ENSGMOG00000006745	13
ENSGMOG00000006242	2689
ENSGMOG00000006256	250
ENSGMOG00000006271	236
ENSGMOG00000018430	7
ENSGMOG00000018442	520
ENSGMOG00000019452	0
ENSGMOG00000019460	78
ENSGMOG00000019464	500
ENSGMOG00000000601	881
ENSGMOG00000000611	12052
ENSGMOG00000008478	1535
ENSGMOG00000021411	6
ENSGMOG00000008501	9404
ENSGMOG00000008517	1797
ENSGMOG00000008209	1248
ENSGMOG00000016026	1510
ENSGMOG00000016053	1
ENSGMOG00000016088	429
ENSGMOG00000008325	146
ENSGMOG00000008329	141
ENSGMOG00000004443	64
ENSGMOG00000004486	149
ENSGMOG00000000497	29
ENSGMOG00000000503	0
ENSGMOG00000012056	670
ENSGMOG00000014020	0
ENSGMOG00000000723	3
ENSGMOG00000017740	289
ENSGMOG00000017750	2
ENSGMOG00000005393	1990
ENSGMOG00000013239	0
ENSGMOG00000013255	140
ENSGMOG00000013267	25
ENSGMOG00000014094	0
ENSGMOG00000014151	320
ENSGMOG00000015043	107
ENSGMOG00000015070	0
ENSGMOG00000006163	274
ENSGMOG00000009322	90
ENSGMOG00000009328	6119
ENSGMOG00000009351	96
ENSGMOG00000001876	1683
ENSGMOG00000001886	0
ENSGMOG00000001472	2676
ENSGMOG00000019972	805
ENSGMOG00000018807	62
ENSGMOG00000018815	1255
ENSGMOG00000018836	1912
ENSGMOG00000006219	1929
ENSGMOG00000014504	2
ENSGMOG00000014515	614
ENSGMOG00000014522	11
ENSGMOG00000014555	0
ENSGMOG00000005184	746
ENSGMOG00000005232	1456
ENSGMOG00000004303	15544
ENSGMOG00000004307	1014
ENSGMOG00000004348	218
ENSGMOG00000019442	1960
ENSGMOG00000016195	418
ENSGMOG00000016230	565
ENSGMOG00000016250	3
ENSGMOG00000021259	0
ENSGMOG00000009424	41
ENSGMOG00000001960	32
ENSGMOG00000001971	1
ENSGMOG00000009436	297
ENSGMOG00000009444	1279
ENSGMOG00000009461	496
ENSGMOG00000009475	1597
ENSGMOG00000000079	0
ENSGMOG00000002683	2
ENSGMOG00000004470	24
ENSGMOG00000002267	2
ENSGMOG00000017494	1155
ENSGMOG00000017514	51
ENSGMOG00000005723	50
ENSGMOG00000021888	61
ENSGMOG00000009981	922
ENSGMOG00000010003	1533
ENSGMOG00000010009	214
ENSGMOG00000010023	532
ENSGMOG00000020364	0
ENSGMOG00000016418	956
ENSGMOG00000016428	237
ENSGMOG00000003596	0
ENSGMOG00000003611	0
ENSGMOG00000008684	1
ENSGMOG00000008722	492
ENSGMOG00000016916	11
ENSGMOG00000016931	980
ENSGMOG00000016935	374
ENSGMOG00000016762	4
ENSGMOG00000005735	935
ENSGMOG00000005765	29
ENSGMOG00000005308	3
ENSGMOG00000005316	501
ENSGMOG00000005321	109
ENSGMOG00000005324	770
ENSGMOG00000005330	791
ENSGMOG00000010105	0
ENSGMOG00000018059	4577
ENSGMOG00000016155	4
ENSGMOG00000008321	0
ENSGMOG00000019386	1222
ENSGMOG00000003013	11
ENSGMOG00000019503	1656
ENSGMOG00000019505	794
ENSGMOG00000008099	0
ENSGMOG00000008105	0
ENSGMOG00000000009	399
ENSGMOG00000013071	557
ENSGMOG00000013085	0
ENSGMOG00000013097	3
ENSGMOG00000001189	14
ENSGMOG00000016129	0
ENSGMOG00000010344	198
ENSGMOG00000010356	4
ENSGMOG00000020547	0
ENSGMOG00000018627	31
ENSGMOG00000018637	1
ENSGMOG00000018649	73
ENSGMOG00000018655	3282
ENSGMOG00000018657	357
ENSGMOG00000009368	390
ENSGMOG00000019844	114
ENSGMOG00000017744	57
ENSGMOG00000001905	0
ENSGMOG00000009053	98
ENSGMOG00000013846	4
ENSGMOG00000013869	5554
ENSGMOG00000013893	0
ENSGMOG00000008574	580
ENSGMOG00000008589	778
ENSGMOG00000014638	697
ENSGMOG00000014721	0
ENSGMOG00000001866	0
ENSGMOG00000007917	0
ENSGMOG00000010579	38
ENSGMOG00000010584	48
ENSGMOG00000010592	1
ENSGMOG00000003053	0
ENSGMOG00000003068	3
ENSGMOG00000003081	535
ENSGMOG00000003114	124
ENSGMOG00000016771	212
ENSGMOG00000014452	963
ENSGMOG00000015071	803
ENSGMOG00000015139	1157
ENSGMOG00000001262	1
ENSGMOG00000014237	1054
ENSGMOG00000014285	2
ENSGMOG00000014293	1027
ENSGMOG00000014339	432
ENSGMOG00000002474	824
ENSGMOG00000002513	93
ENSGMOG00000004742	0
ENSGMOG00000004764	45
ENSGMOG00000011541	188
ENSGMOG00000008528	28
ENSGMOG00000008536	0
ENSGMOG00000008538	469
ENSGMOG00000008554	4
ENSGMOG00000010035	51
ENSGMOG00000010049	70
ENSGMOG00000008606	36
ENSGMOG00000002650	833
ENSGMOG00000000403	1
ENSGMOG00000000411	4
ENSGMOG00000009084	4245
ENSGMOG00000013261	35
ENSGMOG00000013272	526
ENSGMOG00000000110	113
ENSGMOG00000019714	0
ENSGMOG00000003311	5
ENSGMOG00000019715	8
ENSGMOG00000019716	4
ENSGMOG00000003319	1687
ENSGMOG00000003361	4042
ENSGMOG00000003391	2628
ENSGMOG00000003425	2356
ENSGMOG00000003464	2
ENSGMOG00000003490	0
ENSGMOG00000011476	0
ENSGMOG00000020154	0
ENSGMOG00000011481	0
ENSGMOG00000011489	2
ENSGMOG00000003154	1633
ENSGMOG00000000690	756
ENSGMOG00000000714	0
ENSGMOG00000000732	27
ENSGMOG00000000885	110
ENSGMOG00000016534	9
ENSGMOG00000021191	0
ENSGMOG00000019048	88
ENSGMOG00000015297	9
ENSGMOG00000016659	89
ENSGMOG00000016694	0
ENSGMOG00000010076	921
ENSGMOG00000010086	1
ENSGMOG00000005118	45
ENSGMOG00000005130	2588
ENSGMOG00000005143	152
ENSGMOG00000004454	1518
ENSGMOG00000004474	286
ENSGMOG00000004483	187
ENSGMOG00000004489	446
ENSGMOG00000004524	4649
ENSGMOG00000014911	53
ENSGMOG00000014939	327
ENSGMOG00000014960	329
ENSGMOG00000000146	3203
ENSGMOG00000020770	0
ENSGMOG00000007629	25
ENSGMOG00000005887	151
ENSGMOG00000004544	64
ENSGMOG00000011804	8
ENSGMOG00000018181	841
ENSGMOG00000006330	2132
ENSGMOG00000020228	35
ENSGMOG00000006386	2464
ENSGMOG00000006412	231
ENSGMOG00000006702	5178
ENSGMOG00000000284	1
ENSGMOG00000006680	36
ENSGMOG00000017477	18
ENSGMOG00000000668	21
ENSGMOG00000000680	1190
ENSGMOG00000000685	34
ENSGMOG00000000694	88
ENSGMOG00000003927	728
ENSGMOG00000003976	16
ENSGMOG00000018559	25
ENSGMOG00000014980	193
ENSGMOG00000015006	261
ENSGMOG00000015410	125
ENSGMOG00000015445	22656
ENSGMOG00000001066	0
ENSGMOG00000001078	2933
ENSGMOG00000014953	1109
ENSGMOG00000008541	0
ENSGMOG00000020704	0
ENSGMOG00000006376	1702
ENSGMOG00000012878	1520
ENSGMOG00000012888	1
ENSGMOG00000016748	101
ENSGMOG00000016765	2
ENSGMOG00000016775	1199
ENSGMOG00000016790	2999
ENSGMOG00000004521	5432
ENSGMOG00000007330	1
ENSGMOG00000021874	0
ENSGMOG00000007341	2
ENSGMOG00000007348	153
ENSGMOG00000007355	23
ENSGMOG00000010542	7120
ENSGMOG00000018003	0
ENSGMOG00000018044	3058
ENSGMOG00000018049	2339
ENSGMOG00000018070	723
ENSGMOG00000018089	1588
ENSGMOG00000013761	2475
ENSGMOG00000013775	1713
ENSGMOG00000000035	0
ENSGMOG00000000036	4
ENSGMOG00000011624	6
ENSGMOG00000011645	274
ENSGMOG00000011662	1849
ENSGMOG00000011683	483
ENSGMOG00000011693	412
ENSGMOG00000011702	144
ENSGMOG00000019385	664
ENSGMOG00000019405	981
ENSGMOG00000006891	590
ENSGMOG00000003685	1
ENSGMOG00000003708	1493
ENSGMOG00000003515	1
ENSGMOG00000018748	23
ENSGMOG00000012484	876
ENSGMOG00000012491	68
ENSGMOG00000012493	542
ENSGMOG00000010539	133
ENSGMOG00000013151	615
ENSGMOG00000013164	9
ENSGMOG00000016363	0
ENSGMOG00000016370	82
ENSGMOG00000016414	0
ENSGMOG00000011240	186
ENSGMOG00000014692	156
ENSGMOG00000016464	1
ENSGMOG00000013627	939
ENSGMOG00000013640	15
ENSGMOG00000001144	0
ENSGMOG00000006373	5155
ENSGMOG00000006385	2
ENSGMOG00000006408	174
ENSGMOG00000012983	1279
ENSGMOG00000012987	20
ENSGMOG00000017884	167
ENSGMOG00000017916	4
ENSGMOG00000017930	99
ENSGMOG00000011408	212
ENSGMOG00000011412	965
ENSGMOG00000001705	0
ENSGMOG00000010693	1
ENSGMOG00000010696	30
ENSGMOG00000015611	179
ENSGMOG00000015713	336
ENSGMOG00000015744	69
ENSGMOG00000015753	2041
ENSGMOG00000005902	417
ENSGMOG00000005907	18
ENSGMOG00000005205	801
ENSGMOG00000005251	16
ENSGMOG00000001700	7
ENSGMOG00000013833	0
ENSGMOG00000016550	1099
ENSGMOG00000016560	50
ENSGMOG00000018484	31
ENSGMOG00000018520	0
ENSGMOG00000018524	0
ENSGMOG00000016439	640
ENSGMOG00000013322	21
ENSGMOG00000001519	0
ENSGMOG00000001536	9
ENSGMOG00000000364	71
ENSGMOG00000021740	20
ENSGMOG00000021630	5
ENSGMOG00000010952	3
ENSGMOG00000017503	1
ENSGMOG00000017509	0
ENSGMOG00000003896	1392
ENSGMOG00000003930	0
ENSGMOG00000004008	693
ENSGMOG00000014483	397
ENSGMOG00000014493	0
ENSGMOG00000009776	147
ENSGMOG00000020514	12
ENSGMOG00000009779	37
ENSGMOG00000015062	327
ENSGMOG00000015109	631
ENSGMOG00000002696	0
ENSGMOG00000002749	0
ENSGMOG00000018299	1159
ENSGMOG00000015327	24
ENSGMOG00000015345	10783
ENSGMOG00000015395	280
ENSGMOG00000013015	7
ENSGMOG00000013030	1304
ENSGMOG00000013036	2
ENSGMOG00000013041	2
ENSGMOG00000013059	15
ENSGMOG00000013899	197
ENSGMOG00000013946	473
ENSGMOG00000009596	371
ENSGMOG00000009601	1691
ENSGMOG00000010194	62
ENSGMOG00000012895	123362
ENSGMOG00000009637	359
ENSGMOG00000009646	1212
ENSGMOG00000008137	5501
ENSGMOG00000008143	659
ENSGMOG00000008737	766
ENSGMOG00000008760	421
ENSGMOG00000008920	137
ENSGMOG00000008930	833
ENSGMOG00000015808	48
ENSGMOG00000015819	76
ENSGMOG00000015839	77
ENSGMOG00000019071	682
ENSGMOG00000000495	477
ENSGMOG00000006085	17
ENSGMOG00000006095	0
ENSGMOG00000018195	17
ENSGMOG00000004026	3544
ENSGMOG00000004060	1409
ENSGMOG00000004082	86
ENSGMOG00000012568	1852
ENSGMOG00000020056	0
ENSGMOG00000004399	0
ENSGMOG00000004972	8
ENSGMOG00000014344	777
ENSGMOG00000017192	0
ENSGMOG00000017199	22
ENSGMOG00000017247	0
ENSGMOG00000017317	1
ENSGMOG00000015456	0
ENSGMOG00000015468	0
ENSGMOG00000015483	900
ENSGMOG00000003237	123
ENSGMOG00000002175	116
ENSGMOG00000002195	0
ENSGMOG00000003687	0
ENSGMOG00000003694	5
ENSGMOG00000009622	0
ENSGMOG00000000948	751
ENSGMOG00000003215	7299
ENSGMOG00000003272	396
ENSGMOG00000005216	8
ENSGMOG00000021970	0
ENSGMOG00000005468	0
ENSGMOG00000011776	838
ENSGMOG00000011789	240
ENSGMOG00000009642	94
ENSGMOG00000009663	448
ENSGMOG00000009672	375
ENSGMOG00000009679	166
ENSGMOG00000010337	1
ENSGMOG00000010349	0
ENSGMOG00000009311	407
ENSGMOG00000009323	8
ENSGMOG00000002985	4542
ENSGMOG00000019726	50
ENSGMOG00000003422	2061
ENSGMOG00000015620	0
ENSGMOG00000021832	0
ENSGMOG00000013679	0
ENSGMOG00000013685	245
ENSGMOG00000003865	964
ENSGMOG00000000662	169
ENSGMOG00000019793	2
ENSGMOG00000000670	7
ENSGMOG00000010886	211
ENSGMOG00000010915	1036
ENSGMOG00000009875	46
ENSGMOG00000009883	9
ENSGMOG00000009894	2
ENSGMOG00000009922	0
ENSGMOG00000009926	0
ENSGMOG00000011355	411
ENSGMOG00000008534	4197
ENSGMOG00000011324	0
ENSGMOG00000011330	945
ENSGMOG00000006354	167
ENSGMOG00000006365	721
ENSGMOG00000003728	0
ENSGMOG00000013760	5786
ENSGMOG00000013771	476
ENSGMOG00000013779	2694
ENSGMOG00000005958	1
ENSGMOG00000005972	129
ENSGMOG00000005982	163
ENSGMOG00000003257	2
ENSGMOG00000017804	193
ENSGMOG00000015219	488
ENSGMOG00000015234	1599
ENSGMOG00000015260	84004
ENSGMOG00000015283	791
ENSGMOG00000007501	3151
ENSGMOG00000007506	3194
ENSGMOG00000001450	1967
ENSGMOG00000001522	1
ENSGMOG00000001539	2
ENSGMOG00000002434	0
ENSGMOG00000013289	758
ENSGMOG00000011419	6
ENSGMOG00000000956	131
ENSGMOG00000001005	244
ENSGMOG00000001528	16
ENSGMOG00000011375	3
ENSGMOG00000002117	113
ENSGMOG00000000569	3004
ENSGMOG00000000596	890
ENSGMOG00000005780	0
ENSGMOG00000005786	750
ENSGMOG00000005792	1103
ENSGMOG00000010387	1048
ENSGMOG00000010413	177
ENSGMOG00000010428	1
ENSGMOG00000015550	203
ENSGMOG00000008797	333
ENSGMOG00000005638	1108
ENSGMOG00000005672	68
ENSGMOG00000014081	965
ENSGMOG00000000833	1955
ENSGMOG00000015656	6
ENSGMOG00000014994	447
ENSGMOG00000002031	3091
ENSGMOG00000002077	467
ENSGMOG00000002086	25
ENSGMOG00000011571	66
ENSGMOG00000004226	259
ENSGMOG00000022088	0
ENSGMOG00000005430	35
ENSGMOG00000005439	24098
ENSGMOG00000019419	14
ENSGMOG00000016896	0
ENSGMOG00000000571	7
ENSGMOG00000000902	203
ENSGMOG00000009348	23
ENSGMOG00000009387	31
ENSGMOG00000017330	575
ENSGMOG00000003592	140
ENSGMOG00000000025	363
ENSGMOG00000000027	3
ENSGMOG00000000030	0
ENSGMOG00000000689	54
ENSGMOG00000001747	378
ENSGMOG00000001761	83
ENSGMOG00000001781	1074
ENSGMOG00000001793	323
ENSGMOG00000016945	190
ENSGMOG00000002758	694
ENSGMOG00000002778	140
ENSGMOG00000014370	77
ENSGMOG00000013804	111
ENSGMOG00000013825	645
ENSGMOG00000006923	21
ENSGMOG00000020811	1
ENSGMOG00000019095	109
ENSGMOG00000003012	471
ENSGMOG00000018963	13
ENSGMOG00000018969	1
ENSGMOG00000022103	0
ENSGMOG00000017016	455
ENSGMOG00000018337	323
ENSGMOG00000014304	5
ENSGMOG00000008499	114
ENSGMOG00000021505	0
ENSGMOG00000009619	2
ENSGMOG00000008114	18854
ENSGMOG00000008119	0
ENSGMOG00000000137	13
ENSGMOG00000001938	4186
ENSGMOG00000009701	3747
ENSGMOG00000009726	19
ENSGMOG00000011816	1807
ENSGMOG00000011824	172
ENSGMOG00000011826	93
ENSGMOG00000011837	10
ENSGMOG00000002220	8
ENSGMOG00000002238	39
ENSGMOG00000020176	0
ENSGMOG00000017302	56
ENSGMOG00000017331	17
ENSGMOG00000002057	200
ENSGMOG00000002895	8
ENSGMOG00000002929	255
ENSGMOG00000002951	0
ENSGMOG00000009195	1191
ENSGMOG00000009220	427
ENSGMOG00000009117	166
ENSGMOG00000007957	611
ENSGMOG00000007584	99
ENSGMOG00000004833	13825
ENSGMOG00000014598	516
ENSGMOG00000008174	510
ENSGMOG00000008180	629
ENSGMOG00000008186	40
ENSGMOG00000008189	364
ENSGMOG00000008196	1383
ENSGMOG00000009169	62
ENSGMOG00000009175	12
ENSGMOG00000009206	813
ENSGMOG00000011363	1760
ENSGMOG00000011379	42
ENSGMOG00000003025	636
ENSGMOG00000003629	353
ENSGMOG00000003644	145
ENSGMOG00000007697	162
ENSGMOG00000007721	0
ENSGMOG00000014929	1262
ENSGMOG00000014990	4
ENSGMOG00000015007	423
ENSGMOG00000015044	3
ENSGMOG00000015077	970
ENSGMOG00000013234	599
ENSGMOG00000006413	264
ENSGMOG00000013781	394
ENSGMOG00000009941	73
ENSGMOG00000012993	351
ENSGMOG00000018459	330
ENSGMOG00000000859	1223
ENSGMOG00000002468	1107
ENSGMOG00000008636	41
ENSGMOG00000008661	7
ENSGMOG00000008672	774
ENSGMOG00000016339	3
ENSGMOG00000016346	4914
ENSGMOG00000020361	0
ENSGMOG00000021030	0
ENSGMOG00000021444	0
ENSGMOG00000016491	237
ENSGMOG00000000763	124
ENSGMOG00000001804	62
ENSGMOG00000001833	67
ENSGMOG00000001858	1145
ENSGMOG00000019087	3
ENSGMOG00000019094	108
ENSGMOG00000019098	0
ENSGMOG00000019100	0
ENSGMOG00000019109	5153
ENSGMOG00000019893	52
ENSGMOG00000000484	66
ENSGMOG00000020048	35
ENSGMOG00000004248	296
ENSGMOG00000014228	930
ENSGMOG00000014249	1041
ENSGMOG00000003566	91
ENSGMOG00000001765	150
ENSGMOG00000001775	0
ENSGMOG00000003795	0
ENSGMOG00000003828	0
ENSGMOG00000013650	1000
ENSGMOG00000000665	51
ENSGMOG00000008447	2
ENSGMOG00000008448	1
ENSGMOG00000008449	1070
ENSGMOG00000008450	15
ENSGMOG00000010416	497
ENSGMOG00000017821	856
ENSGMOG00000017852	1064
ENSGMOG00000017871	242
ENSGMOG00000017880	1039
ENSGMOG00000017910	147
ENSGMOG00000013222	0
ENSGMOG00000016555	4
ENSGMOG00000007112	79
ENSGMOG00000007119	482
ENSGMOG00000007123	221
ENSGMOG00000017619	9
ENSGMOG00000015870	164
ENSGMOG00000015882	0
ENSGMOG00000004178	1
ENSGMOG00000004205	1
ENSGMOG00000004216	1366
ENSGMOG00000009751	3375
ENSGMOG00000009761	74
ENSGMOG00000011738	0
ENSGMOG00000011741	8663
ENSGMOG00000011753	0
ENSGMOG00000003754	0
ENSGMOG00000003241	986
ENSGMOG00000019705	0
ENSGMOG00000001835	2
ENSGMOG00000009605	1
ENSGMOG00000009613	666
ENSGMOG00000007172	234
ENSGMOG00000007178	0
ENSGMOG00000005057	244
ENSGMOG00000013111	0
ENSGMOG00000007192	1
ENSGMOG00000019513	277
ENSGMOG00000020010	26
ENSGMOG00000019485	3489
ENSGMOG00000019489	307
ENSGMOG00000014275	76
ENSGMOG00000014286	5
ENSGMOG00000013179	1168
ENSGMOG00000013200	1104
ENSGMOG00000007194	1
ENSGMOG00000007201	1811
ENSGMOG00000018399	1922
ENSGMOG00000021354	0
ENSGMOG00000017461	0
ENSGMOG00000017472	4
ENSGMOG00000017612	0
ENSGMOG00000009365	67
ENSGMOG00000021151	14
ENSGMOG00000020742	45
ENSGMOG00000007256	2224
ENSGMOG00000007263	385
ENSGMOG00000007270	2004
ENSGMOG00000017315	488
ENSGMOG00000008786	0
ENSGMOG00000008811	25
ENSGMOG00000007126	60
ENSGMOG00000007131	10941
ENSGMOG00000002560	515
ENSGMOG00000002572	60
ENSGMOG00000002582	176
ENSGMOG00000019182	1389
ENSGMOG00000014508	4618
ENSGMOG00000014535	175
ENSGMOG00000014544	1190
ENSGMOG00000015020	9
ENSGMOG00000008512	110
ENSGMOG00000008520	207
ENSGMOG00000008524	145
ENSGMOG00000009774	70
ENSGMOG00000009780	492
ENSGMOG00000003459	1148
ENSGMOG00000022000	0
ENSGMOG00000020174	80
ENSGMOG00000002202	330
ENSGMOG00000020862	10
ENSGMOG00000015231	10834
ENSGMOG00000015287	6
ENSGMOG00000001806	1
ENSGMOG00000001863	1653
ENSGMOG00000001875	8520
ENSGMOG00000018209	0
ENSGMOG00000018180	2273
ENSGMOG00000018191	461
ENSGMOG00000018212	9
ENSGMOG00000011898	2
ENSGMOG00000011906	0
ENSGMOG00000011909	2
ENSGMOG00000017429	2
ENSGMOG00000012095	145
ENSGMOG00000020585	21
ENSGMOG00000009142	1071
ENSGMOG00000009154	690
ENSGMOG00000014778	3063
ENSGMOG00000014786	126
ENSGMOG00000002815	582
ENSGMOG00000015774	1066
ENSGMOG00000015804	2923
ENSGMOG00000015815	410
ENSGMOG00000018648	2479
ENSGMOG00000010216	103
ENSGMOG00000005922	21719
ENSGMOG00000005940	75
ENSGMOG00000019803	1
ENSGMOG00000002045	330
ENSGMOG00000020646	3
ENSGMOG00000002058	4
ENSGMOG00000002093	21552
ENSGMOG00000020844	10
ENSGMOG00000021680	30
ENSGMOG00000021351	13
ENSGMOG00000019268	693
ENSGMOG00000019539	456
ENSGMOG00000019543	15
ENSGMOG00000007812	2
ENSGMOG00000007816	135
ENSGMOG00000010484	156
ENSGMOG00000010496	2027
ENSGMOG00000010499	498
ENSGMOG00000010503	782
ENSGMOG00000007354	960
ENSGMOG00000007357	375
ENSGMOG00000018514	0
ENSGMOG00000018518	21
ENSGMOG00000006603	2
ENSGMOG00000006617	1211
ENSGMOG00000006626	1040
ENSGMOG00000008835	0
ENSGMOG00000006443	266
ENSGMOG00000006454	36
ENSGMOG00000006468	729
ENSGMOG00000016841	1794
ENSGMOG00000016865	566
ENSGMOG00000016871	270
ENSGMOG00000019800	27
ENSGMOG00000015129	163
ENSGMOG00000015157	43
ENSGMOG00000003648	53
ENSGMOG00000018940	0
ENSGMOG00000018945	4
ENSGMOG00000009297	481
ENSGMOG00000009309	82
ENSGMOG00000015119	0
ENSGMOG00000019936	0
ENSGMOG00000018186	166
ENSGMOG00000018200	101
ENSGMOG00000005442	25
ENSGMOG00000005477	481
ENSGMOG00000021675	4
ENSGMOG00000005507	48
ENSGMOG00000011172	0
ENSGMOG00000009824	11
ENSGMOG00000009842	843
ENSGMOG00000006102	32
ENSGMOG00000012629	11
ENSGMOG00000013364	5
ENSGMOG00000012824	0
ENSGMOG00000012831	2077
ENSGMOG00000004911	326
ENSGMOG00000004919	112
ENSGMOG00000003964	41
ENSGMOG00000003983	8
ENSGMOG00000004007	4
ENSGMOG00000019456	8255
ENSGMOG00000019461	0
ENSGMOG00000019467	1
ENSGMOG00000001968	5122
ENSGMOG00000001988	343
ENSGMOG00000019347	68
ENSGMOG00000019351	1
ENSGMOG00000019357	241
ENSGMOG00000019360	0
ENSGMOG00000019361	170
ENSGMOG00000001145	171
ENSGMOG00000001113	290
ENSGMOG00000001136	150
ENSGMOG00000005566	4
ENSGMOG00000020458	18
ENSGMOG00000016072	1228
ENSGMOG00000016081	34
ENSGMOG00000016100	1219
ENSGMOG00000010123	134
ENSGMOG00000008159	24
ENSGMOG00000008166	141
ENSGMOG00000008167	245
ENSGMOG00000009598	575
ENSGMOG00000015513	3
ENSGMOG00000003697	353
ENSGMOG00000017628	6
ENSGMOG00000014801	0
ENSGMOG00000014821	758
ENSGMOG00000014840	191
ENSGMOG00000015047	404
ENSGMOG00000000026	5
ENSGMOG00000016561	163
ENSGMOG00000019173	19
ENSGMOG00000019195	8
ENSGMOG00000017823	150
ENSGMOG00000017842	141
ENSGMOG00000017849	1451
ENSGMOG00000006117	0
ENSGMOG00000006657	61
ENSGMOG00000006666	75
ENSGMOG00000010501	11516
ENSGMOG00000010518	3
ENSGMOG00000005301	0
ENSGMOG00000005317	619
ENSGMOG00000014832	0
ENSGMOG00000000804	14
ENSGMOG00000000813	5
ENSGMOG00000010970	534
ENSGMOG00000001172	161
ENSGMOG00000001182	57
ENSGMOG00000001190	15
ENSGMOG00000005608	7
ENSGMOG00000015595	956
ENSGMOG00000015619	1426
ENSGMOG00000015659	95
ENSGMOG00000015682	2761
ENSGMOG00000011291	13
ENSGMOG00000011296	382
ENSGMOG00000011303	182
ENSGMOG00000011446	16
ENSGMOG00000009699	45
ENSGMOG00000009727	334
ENSGMOG00000012660	944
ENSGMOG00000012663	288
ENSGMOG00000000854	314
ENSGMOG00000005644	324
ENSGMOG00000019735	331
ENSGMOG00000003639	1010
ENSGMOG00000003653	494
ENSGMOG00000003677	294
ENSGMOG00000003704	489
ENSGMOG00000006611	426
ENSGMOG00000006621	26
ENSGMOG00000006629	11
ENSGMOG00000006636	0
ENSGMOG00000000092	194
ENSGMOG00000020072	0
ENSGMOG00000013800	40404
ENSGMOG00000021499	9
ENSGMOG00000022055	22
ENSGMOG00000021118	4
ENSGMOG00000021304	18
ENSGMOG00000013818	751
ENSGMOG00000004217	0
ENSGMOG00000018589	0
ENSGMOG00000008014	109
ENSGMOG00000016917	381
ENSGMOG00000016932	302
ENSGMOG00000016948	828
ENSGMOG00000015376	19
ENSGMOG00000015384	116
ENSGMOG00000019964	28
ENSGMOG00000019965	15
ENSGMOG00000004000	430
ENSGMOG00000004013	5
ENSGMOG00000008922	381
ENSGMOG00000008932	15
ENSGMOG00000008124	909
ENSGMOG00000008218	85
ENSGMOG00000008220	0
ENSGMOG00000017442	0
ENSGMOG00000017450	3
ENSGMOG00000017454	41
ENSGMOG00000017466	0
ENSGMOG00000000899	185
ENSGMOG00000000916	916
ENSGMOG00000019336	0
ENSGMOG00000016658	1000
ENSGMOG00000016675	10
ENSGMOG00000008856	792
ENSGMOG00000015450	0
ENSGMOG00000018626	296
ENSGMOG00000004130	421
ENSGMOG00000004150	1976
ENSGMOG00000011643	0
ENSGMOG00000003128	303
ENSGMOG00000003446	9
ENSGMOG00000008152	4170
ENSGMOG00000016098	134
ENSGMOG00000013811	817
ENSGMOG00000013822	3028
ENSGMOG00000000366	39
ENSGMOG00000016500	659
ENSGMOG00000016541	5
ENSGMOG00000016545	424
ENSGMOG00000014863	539
ENSGMOG00000009837	24
ENSGMOG00000009840	121
ENSGMOG00000000349	261
ENSGMOG00000000355	11
ENSGMOG00000018629	1
ENSGMOG00000004273	0
ENSGMOG00000004284	7
ENSGMOG00000007122	432
ENSGMOG00000007128	508
ENSGMOG00000000359	6
ENSGMOG00000000371	8076
ENSGMOG00000002981	309
ENSGMOG00000002986	234
ENSGMOG00000012783	604
ENSGMOG00000015984	16
ENSGMOG00000011401	267
ENSGMOG00000010521	0
ENSGMOG00000005858	0
ENSGMOG00000005864	1
ENSGMOG00000011780	0
ENSGMOG00000011787	1
ENSGMOG00000011794	0
ENSGMOG00000018943	3887
ENSGMOG00000016417	1591
ENSGMOG00000016452	5687
ENSGMOG00000013422	0
ENSGMOG00000007858	2561
ENSGMOG00000002779	0
ENSGMOG00000002790	11
ENSGMOG00000002796	0
ENSGMOG00000002824	722
ENSGMOG00000011341	34562
ENSGMOG00000009335	215
ENSGMOG00000011501	202
ENSGMOG00000011512	244
ENSGMOG00000011522	0
ENSGMOG00000002512	50
ENSGMOG00000002530	7239
ENSGMOG00000002551	12
ENSGMOG00000002571	8
ENSGMOG00000002588	32716
ENSGMOG00000008894	357
ENSGMOG00000020668	1
ENSGMOG00000019031	352
ENSGMOG00000019046	426
ENSGMOG00000019083	802
ENSGMOG00000009314	3122
ENSGMOG00000020596	0
ENSGMOG00000012284	114
ENSGMOG00000021665	0
ENSGMOG00000020940	1
ENSGMOG00000020621	0
ENSGMOG00000020781	0
ENSGMOG00000015890	332
ENSGMOG00000015901	2816
ENSGMOG00000015918	3111
ENSGMOG00000003243	9378
ENSGMOG00000010541	692
ENSGMOG00000009636	62
ENSGMOG00000020139	291
ENSGMOG00000011281	213
ENSGMOG00000005034	34
ENSGMOG00000005047	197
ENSGMOG00000011195	0
ENSGMOG00000014145	999
ENSGMOG00000011962	51
ENSGMOG00000000385	0
ENSGMOG00000014940	0
ENSGMOG00000014947	106
ENSGMOG00000014952	446
ENSGMOG00000010174	187
ENSGMOG00000010195	129
ENSGMOG00000004368	1712
ENSGMOG00000018419	764
ENSGMOG00000008890	845
ENSGMOG00000016132	104
ENSGMOG00000016149	5
ENSGMOG00000010150	1002
ENSGMOG00000008526	1053
ENSGMOG00000008533	7090
ENSGMOG00000014497	222
ENSGMOG00000012096	1
ENSGMOG00000018240	187
ENSGMOG00000018288	16
ENSGMOG00000013143	1
ENSGMOG00000013153	1
ENSGMOG00000006543	0
ENSGMOG00000006553	376
ENSGMOG00000006576	0
ENSGMOG00000005104	93
ENSGMOG00000002387	1242
ENSGMOG00000002396	4
ENSGMOG00000004244	58
ENSGMOG00000004257	514
ENSGMOG00000013755	0
ENSGMOG00000013812	12
ENSGMOG00000013830	87
ENSGMOG00000005545	1080
ENSGMOG00000005585	5
ENSGMOG00000005593	6
ENSGMOG00000005599	907
ENSGMOG00000005609	997
ENSGMOG00000010258	4
ENSGMOG00000010304	0
ENSGMOG00000010316	0
ENSGMOG00000010327	0
ENSGMOG00000013108	13
ENSGMOG00000013118	1
ENSGMOG00000000424	1217
ENSGMOG00000000441	26
ENSGMOG00000002355	0
ENSGMOG00000002370	799
ENSGMOG00000003152	463
ENSGMOG00000000479	259
ENSGMOG00000009031	5
ENSGMOG00000009086	61
ENSGMOG00000003268	48
ENSGMOG00000001270	559
ENSGMOG00000013983	382
ENSGMOG00000014003	3572
ENSGMOG00000017695	631
ENSGMOG00000017709	248
ENSGMOG00000013646	310
ENSGMOG00000000019	4124
ENSGMOG00000000022	422
ENSGMOG00000013303	3
ENSGMOG00000018846	710
ENSGMOG00000018857	1755
ENSGMOG00000002851	28
ENSGMOG00000002877	126
ENSGMOG00000002207	2
ENSGMOG00000002226	0
ENSGMOG00000007271	766
ENSGMOG00000007281	726
ENSGMOG00000007290	4
ENSGMOG00000003900	105
ENSGMOG00000010759	208
ENSGMOG00000013243	652
ENSGMOG00000009938	93
ENSGMOG00000017642	5
ENSGMOG00000017647	0
ENSGMOG00000013197	5
ENSGMOG00000000487	3278
ENSGMOG00000016153	9
ENSGMOG00000011092	4
ENSGMOG00000008108	89
ENSGMOG00000002190	667
ENSGMOG00000013525	1576
ENSGMOG00000017144	5152
ENSGMOG00000017163	800
ENSGMOG00000017213	0
ENSGMOG00000017228	0
ENSGMOG00000002608	7
ENSGMOG00000015585	93
ENSGMOG00000014645	5083
ENSGMOG00000020020	155
ENSGMOG00000012106	3
ENSGMOG00000017784	52
ENSGMOG00000017731	141
ENSGMOG00000000120	392
ENSGMOG00000011225	1412
ENSGMOG00000021169	1
ENSGMOG00000021681	0
ENSGMOG00000018538	0
ENSGMOG00000013214	58682
ENSGMOG00000013221	905
ENSGMOG00000013226	2090
ENSGMOG00000013238	1196
ENSGMOG00000001660	1063
ENSGMOG00000014770	371
ENSGMOG00000014799	5
ENSGMOG00000007250	620
ENSGMOG00000000450	62
ENSGMOG00000000458	761
ENSGMOG00000019778	0
ENSGMOG00000000480	100
ENSGMOG00000000494	47
ENSGMOG00000000373	1
ENSGMOG00000019773	0
ENSGMOG00000000381	135
ENSGMOG00000000142	170
ENSGMOG00000004425	166
ENSGMOG00000015220	1081
ENSGMOG00000015318	671
ENSGMOG00000002087	254
ENSGMOG00000002392	14
ENSGMOG00000002424	11
ENSGMOG00000011435	246
ENSGMOG00000018233	852
ENSGMOG00000014723	3492
ENSGMOG00000014747	0
ENSGMOG00000000615	1384
ENSGMOG00000018382	0
ENSGMOG00000018402	209
ENSGMOG00000018414	0
ENSGMOG00000000005	3
ENSGMOG00000000006	387
ENSGMOG00000019748	81
ENSGMOG00000000007	6
ENSGMOG00000003669	288
ENSGMOG00000016730	1657
ENSGMOG00000020627	0
ENSGMOG00000016739	5444
ENSGMOG00000016758	29
ENSGMOG00000014495	247
ENSGMOG00000014519	2
ENSGMOG00000014521	175
ENSGMOG00000005197	19316
ENSGMOG00000005208	10
ENSGMOG00000004255	354
ENSGMOG00000016558	34
ENSGMOG00000014398	932
ENSGMOG00000006641	83
ENSGMOG00000002048	2230
ENSGMOG00000016797	0
ENSGMOG00000018251	3292
ENSGMOG00000018258	86
ENSGMOG00000018596	6153
ENSGMOG00000018444	54
ENSGMOG00000005584	275
ENSGMOG00000005596	3
ENSGMOG00000005613	0
ENSGMOG00000014644	0
ENSGMOG00000008542	71
ENSGMOG00000008556	0
ENSGMOG00000018293	2575
ENSGMOG00000012797	179
ENSGMOG00000012805	0
ENSGMOG00000020899	0
ENSGMOG00000004139	106
ENSGMOG00000009580	3888
ENSGMOG00000000851	2211
ENSGMOG00000018144	1180
ENSGMOG00000018169	1701
ENSGMOG00000010470	569
ENSGMOG00000010485	4730
ENSGMOG00000010490	799
ENSGMOG00000010494	3008
ENSGMOG00000001907	6695
ENSGMOG00000021258	23
ENSGMOG00000022118	0
ENSGMOG00000022123	8
ENSGMOG00000008468	347
ENSGMOG00000008471	19
ENSGMOG00000017651	0
ENSGMOG00000012015	611
ENSGMOG00000012017	91
ENSGMOG00000012025	2830
ENSGMOG00000019341	504
ENSGMOG00000019345	2841
ENSGMOG00000012204	147
ENSGMOG00000012208	1747
ENSGMOG00000013772	432
ENSGMOG00000012804	706
ENSGMOG00000012809	333
ENSGMOG00000000297	255
ENSGMOG00000009181	9
ENSGMOG00000019877	0
ENSGMOG00000021320	348
ENSGMOG00000021743	24
ENSGMOG00000002852	79
ENSGMOG00000017845	903
ENSGMOG00000018160	1
ENSGMOG00000000923	517
ENSGMOG00000000947	1193
ENSGMOG00000005300	22
ENSGMOG00000001116	15
ENSGMOG00000001139	2005
ENSGMOG00000001174	0
ENSGMOG00000009625	2457
ENSGMOG00000009632	2161
ENSGMOG00000009640	816
ENSGMOG00000016377	25
ENSGMOG00000016468	437
ENSGMOG00000016508	1626
ENSGMOG00000012761	364
ENSGMOG00000020466	0
ENSGMOG00000012773	1021
ENSGMOG00000012775	9
ENSGMOG00000020429	17
ENSGMOG00000005122	568
ENSGMOG00000007481	3283
ENSGMOG00000007487	0
ENSGMOG00000000660	1601
ENSGMOG00000013194	108
ENSGMOG00000013209	902
ENSGMOG00000000727	121
ENSGMOG00000014165	620
ENSGMOG00000009446	2358
ENSGMOG00000009458	14177
ENSGMOG00000019884	20
ENSGMOG00000019885	245
ENSGMOG00000019886	2
ENSGMOG00000009474	34
ENSGMOG00000019887	50
ENSGMOG00000004631	119
ENSGMOG00000002295	38
ENSGMOG00000002308	79
ENSGMOG00000000011	166
ENSGMOG00000019984	28
ENSGMOG00000015568	323
ENSGMOG00000015770	8351
ENSGMOG00000015788	1395
ENSGMOG00000017116	485
ENSGMOG00000017146	79
ENSGMOG00000017160	21
ENSGMOG00000013881	1733
ENSGMOG00000013909	2540
ENSGMOG00000013925	605
ENSGMOG00000013978	6
ENSGMOG00000009953	1999
ENSGMOG00000009957	726
ENSGMOG00000009993	105
ENSGMOG00000012770	112
ENSGMOG00000001822	714
ENSGMOG00000014963	1190
ENSGMOG00000009936	19
ENSGMOG00000006185	0
ENSGMOG00000006194	383
ENSGMOG00000007448	0
ENSGMOG00000015899	0
ENSGMOG00000009571	2893
ENSGMOG00000009578	769
ENSGMOG00000015806	0
ENSGMOG00000015821	0
ENSGMOG00000017780	4
ENSGMOG00000017790	50
ENSGMOG00000016900	123
ENSGMOG00000016906	121
ENSGMOG00000011576	156
ENSGMOG00000005540	162
ENSGMOG00000005557	882
ENSGMOG00000000720	0
ENSGMOG00000013494	45
ENSGMOG00000013503	340
ENSGMOG00000000849	13937
ENSGMOG00000000873	1679
ENSGMOG00000000265	3
ENSGMOG00000012767	645
ENSGMOG00000001086	1649
ENSGMOG00000001101	0
ENSGMOG00000003921	0
ENSGMOG00000002537	27
ENSGMOG00000002544	38
ENSGMOG00000002569	116
ENSGMOG00000002591	5
ENSGMOG00000014120	6
ENSGMOG00000018434	14
ENSGMOG00000013707	201
ENSGMOG00000022066	0
ENSGMOG00000020903	0
ENSGMOG00000021116	0
ENSGMOG00000008274	35
ENSGMOG00000008277	0
ENSGMOG00000005689	1641
ENSGMOG00000005716	1824
ENSGMOG00000005747	734
ENSGMOG00000015624	705
ENSGMOG00000003248	280
ENSGMOG00000021849	0
ENSGMOG00000020631	192
ENSGMOG00000014088	221
ENSGMOG00000018167	1
ENSGMOG00000001372	3932
ENSGMOG00000001394	273
ENSGMOG00000018220	11
ENSGMOG00000017491	1821
ENSGMOG00000017513	1
ENSGMOG00000012563	1177
ENSGMOG00000012565	353
ENSGMOG00000021405	0
ENSGMOG00000013413	417
ENSGMOG00000013589	229
ENSGMOG00000012821	1
ENSGMOG00000001585	10
ENSGMOG00000015274	281
ENSGMOG00000002403	629
ENSGMOG00000000203	6
ENSGMOG00000000206	311
ENSGMOG00000000207	330
ENSGMOG00000000219	62
ENSGMOG00000000563	344
ENSGMOG00000015564	5713
ENSGMOG00000015578	19
ENSGMOG00000015583	1
ENSGMOG00000022010	0
ENSGMOG00000022006	0
ENSGMOG00000021481	0
ENSGMOG00000021613	0
ENSGMOG00000013195	341
ENSGMOG00000009243	18
ENSGMOG00000000292	65
ENSGMOG00000000296	0
ENSGMOG00000004280	836
ENSGMOG00000006298	6
ENSGMOG00000001220	3
ENSGMOG00000001230	216
ENSGMOG00000001252	716
ENSGMOG00000011469	238
ENSGMOG00000004639	271
ENSGMOG00000004664	501
ENSGMOG00000013831	739
ENSGMOG00000013900	399
ENSGMOG00000017545	1
ENSGMOG00000002248	1916
ENSGMOG00000015024	7
ENSGMOG00000016473	1793
ENSGMOG00000016527	7
ENSGMOG00000003032	379
ENSGMOG00000003044	0
ENSGMOG00000003098	290
ENSGMOG00000003087	740
ENSGMOG00000016252	83
ENSGMOG00000016260	211
ENSGMOG00000016990	14
ENSGMOG00000016996	151
ENSGMOG00000000913	1259
ENSGMOG00000000929	66
ENSGMOG00000014835	410
ENSGMOG00000014847	0
ENSGMOG00000020978	0
ENSGMOG00000000021	836
ENSGMOG00000019752	921
ENSGMOG00000001194	1059
ENSGMOG00000013388	1230
ENSGMOG00000013540	0
ENSGMOG00000013544	233
ENSGMOG00000013593	812
ENSGMOG00000013618	0
ENSGMOG00000013628	983
ENSGMOG00000008615	135
ENSGMOG00000008632	1698
ENSGMOG00000013710	1055
ENSGMOG00000011233	284
ENSGMOG00000011248	783
ENSGMOG00000011260	2147
ENSGMOG00000009556	14
ENSGMOG00000009563	194
ENSGMOG00000008931	34
ENSGMOG00000008941	246
ENSGMOG00000008948	873
ENSGMOG00000018618	253
ENSGMOG00000018625	490
ENSGMOG00000018635	655
ENSGMOG00000019424	480
ENSGMOG00000009583	11
ENSGMOG00000003517	1628
ENSGMOG00000003620	2029
ENSGMOG00000015954	156
ENSGMOG00000002243	1713
ENSGMOG00000009340	0
ENSGMOG00000008537	0
ENSGMOG00000005144	1
ENSGMOG00000011349	0
ENSGMOG00000006375	18
ENSGMOG00000006425	641
ENSGMOG00000006431	4426
ENSGMOG00000007087	172
ENSGMOG00000007103	680
ENSGMOG00000012520	1
ENSGMOG00000019454	6
ENSGMOG00000005383	1156
ENSGMOG00000005394	210
ENSGMOG00000002731	295
ENSGMOG00000002747	108
ENSGMOG00000002760	979
ENSGMOG00000017508	494
ENSGMOG00000021788	0
ENSGMOG00000021376	0
ENSGMOG00000019548	227
ENSGMOG00000007114	1
ENSGMOG00000007118	0
ENSGMOG00000003123	0
ENSGMOG00000000145	12
ENSGMOG00000000151	1
ENSGMOG00000000164	383
ENSGMOG00000004119	85
ENSGMOG00000009884	525
ENSGMOG00000009903	1
ENSGMOG00000009910	324
ENSGMOG00000009914	295
ENSGMOG00000000418	1
ENSGMOG00000009655	0
ENSGMOG00000014724	2125
ENSGMOG00000003030	6
ENSGMOG00000003109	0
ENSGMOG00000017779	35
ENSGMOG00000017559	75
ENSGMOG00000000711	81
ENSGMOG00000000730	873
ENSGMOG00000000745	250
ENSGMOG00000005446	125
ENSGMOG00000000510	6880
ENSGMOG00000011810	2823
ENSGMOG00000011813	859
ENSGMOG00000011325	82
ENSGMOG00000011337	309
ENSGMOG00000011351	174
ENSGMOG00000005039	94
ENSGMOG00000000752	3325
ENSGMOG00000001924	185
ENSGMOG00000001942	129
ENSGMOG00000017111	1351
ENSGMOG00000002110	258
ENSGMOG00000002135	45
ENSGMOG00000010219	35
ENSGMOG00000020705	0
ENSGMOG00000011655	93
ENSGMOG00000011668	0
ENSGMOG00000014782	1
ENSGMOG00000011530	3456
ENSGMOG00000001485	642
ENSGMOG00000003551	125
ENSGMOG00000016891	255
ENSGMOG00000016903	515
ENSGMOG00000005272	449
ENSGMOG00000015027	17
ENSGMOG00000015034	455
ENSGMOG00000002179	177
ENSGMOG00000002228	434
ENSGMOG00000002235	1710
ENSGMOG00000012620	501
ENSGMOG00000012621	402
ENSGMOG00000012624	3331
ENSGMOG00000009829	431
ENSGMOG00000009839	174
ENSGMOG00000001830	99
ENSGMOG00000001845	20
ENSGMOG00000001850	7
ENSGMOG00000000037	4
ENSGMOG00000009616	12264
ENSGMOG00000006497	48
ENSGMOG00000006514	129
ENSGMOG00000006676	1113
ENSGMOG00000006697	1317
ENSGMOG00000006712	155
ENSGMOG00000019086	1403
ENSGMOG00000004799	354
ENSGMOG00000004828	43
ENSGMOG00000015122	13
ENSGMOG00000015130	1809
ENSGMOG00000015142	751
ENSGMOG00000015156	0
ENSGMOG00000002174	15
ENSGMOG00000009833	3
ENSGMOG00000009838	375
ENSGMOG00000009843	369
ENSGMOG00000005961	6707
ENSGMOG00000010371	194
ENSGMOG00000006243	1397
ENSGMOG00000006258	151
ENSGMOG00000006290	84
ENSGMOG00000010434	657
ENSGMOG00000010461	336
ENSGMOG00000003771	2
ENSGMOG00000019284	754
ENSGMOG00000006830	96
ENSGMOG00000006878	23
ENSGMOG00000006888	32087
ENSGMOG00000003738	1947
ENSGMOG00000003776	2374
ENSGMOG00000009560	560
ENSGMOG00000016763	8
ENSGMOG00000009234	1845
ENSGMOG00000009282	1436
ENSGMOG00000013038	243
ENSGMOG00000012236	1359
ENSGMOG00000009683	208570
ENSGMOG00000019403	328
ENSGMOG00000019411	18720
ENSGMOG00000012688	29
ENSGMOG00000004737	1132
ENSGMOG00000011492	2679
ENSGMOG00000011499	138
ENSGMOG00000011504	59
ENSGMOG00000004191	85
ENSGMOG00000010760	0
ENSGMOG00000010762	2
ENSGMOG00000020114	1
ENSGMOG00000011194	10
ENSGMOG00000016373	0
ENSGMOG00000007938	130
ENSGMOG00000007948	4538
ENSGMOG00000007959	584
ENSGMOG00000001221	0
ENSGMOG00000001236	285
ENSGMOG00000021233	4
ENSGMOG00000001255	45
ENSGMOG00000002803	450
ENSGMOG00000013765	2471
ENSGMOG00000013819	1145
ENSGMOG00000012955	0
ENSGMOG00000012960	463
ENSGMOG00000012971	290
ENSGMOG00000004202	14
ENSGMOG00000017271	0
ENSGMOG00000000870	10924
ENSGMOG00000001334	43
ENSGMOG00000015278	2961
ENSGMOG00000012962	2
ENSGMOG00000012970	4
ENSGMOG00000003364	225
ENSGMOG00000009077	0
ENSGMOG00000008228	1217
ENSGMOG00000014027	346
ENSGMOG00000014048	41
ENSGMOG00000010516	865
ENSGMOG00000020552	17
ENSGMOG00000020340	7
ENSGMOG00000019441	1347
ENSGMOG00000019446	3388
ENSGMOG00000002102	10077
ENSGMOG00000002148	181
ENSGMOG00000007351	58
ENSGMOG00000007370	2
ENSGMOG00000018360	58
ENSGMOG00000018408	1
ENSGMOG00000005873	138
ENSGMOG00000004880	3793
ENSGMOG00000007240	0
ENSGMOG00000014622	0
ENSGMOG00000005150	165
ENSGMOG00000005156	798
ENSGMOG00000005182	173
ENSGMOG00000005199	977
ENSGMOG00000008998	139
ENSGMOG00000015783	958
ENSGMOG00000015824	4
ENSGMOG00000015836	0
ENSGMOG00000015851	6587
ENSGMOG00000010303	0
ENSGMOG00000004818	744
ENSGMOG00000003065	156
ENSGMOG00000008247	20
ENSGMOG00000003274	8
ENSGMOG00000003327	5
ENSGMOG00000008676	3244
ENSGMOG00000008688	1017
ENSGMOG00000019486	792
ENSGMOG00000001668	0
ENSGMOG00000001691	0
ENSGMOG00000007316	378
ENSGMOG00000005396	29
ENSGMOG00000003636	176
ENSGMOG00000003684	661
ENSGMOG00000003749	0
ENSGMOG00000003778	6
ENSGMOG00000018142	844
ENSGMOG00000002776	795
ENSGMOG00000006191	738
ENSGMOG00000006207	1197
ENSGMOG00000006216	636
ENSGMOG00000009134	676
ENSGMOG00000008869	331
ENSGMOG00000017390	281
ENSGMOG00000017432	43
ENSGMOG00000000049	9
ENSGMOG00000002376	429
ENSGMOG00000000514	40914
ENSGMOG00000015738	1924
ENSGMOG00000015777	52
ENSGMOG00000018128	31
ENSGMOG00000010290	1084
ENSGMOG00000010302	271
ENSGMOG00000010325	169
ENSGMOG00000015913	14
ENSGMOG00000015930	0
ENSGMOG00000008437	0
ENSGMOG00000016388	4348
ENSGMOG00000016396	19
ENSGMOG00000009327	126
ENSGMOG00000013542	499
ENSGMOG00000007913	218
ENSGMOG00000010616	2701
ENSGMOG00000010625	168
ENSGMOG00000010633	67
ENSGMOG00000010634	10217
ENSGMOG00000013280	837
ENSGMOG00000014822	7
ENSGMOG00000014905	21
ENSGMOG00000007933	351
ENSGMOG00000007943	1267
ENSGMOG00000007945	138
ENSGMOG00000014006	443
ENSGMOG00000014059	9
ENSGMOG00000014078	70
ENSGMOG00000002509	116
ENSGMOG00000002529	151
ENSGMOG00000002546	1681
ENSGMOG00000015029	536
ENSGMOG00000016692	738
ENSGMOG00000016710	813
ENSGMOG00000016717	1391
ENSGMOG00000007285	70
ENSGMOG00000016813	0
ENSGMOG00000016590	407
ENSGMOG00000016599	132
ENSGMOG00000011678	4314
ENSGMOG00000010641	592
ENSGMOG00000012508	156
ENSGMOG00000012511	0
ENSGMOG00000012944	19
ENSGMOG00000012953	5
ENSGMOG00000014415	926
ENSGMOG00000014426	999
ENSGMOG00000020099	1509
ENSGMOG00000020100	940
ENSGMOG00000011750	17
ENSGMOG00000007260	3
ENSGMOG00000007269	606
ENSGMOG00000017394	312
ENSGMOG00000017410	0
ENSGMOG00000015895	45
ENSGMOG00000003352	717
ENSGMOG00000005996	747
ENSGMOG00000012273	354
ENSGMOG00000016620	108
ENSGMOG00000016632	2
ENSGMOG00000008751	2
ENSGMOG00000020993	0
ENSGMOG00000000285	53
ENSGMOG00000000289	12
ENSGMOG00000008576	73
ENSGMOG00000014454	3
ENSGMOG00000002363	183
ENSGMOG00000020182	1
ENSGMOG00000013973	1
ENSGMOG00000019068	134
ENSGMOG00000003155	2
ENSGMOG00000001664	143
ENSGMOG00000013477	2061
ENSGMOG00000013490	1216
ENSGMOG00000013500	6
ENSGMOG00000018344	1167
ENSGMOG00000013945	0
ENSGMOG00000000144	0
ENSGMOG00000014742	230
ENSGMOG00000014758	0
ENSGMOG00000011454	0
ENSGMOG00000003869	145177
ENSGMOG00000020030	118
ENSGMOG00000017998	11
ENSGMOG00000001696	2010
ENSGMOG00000001711	61
ENSGMOG00000004647	352
ENSGMOG00000017465	839
ENSGMOG00000017483	222
ENSGMOG00000011822	942
ENSGMOG00000011833	3
ENSGMOG00000016122	707
ENSGMOG00000004942	10
ENSGMOG00000018915	217
ENSGMOG00000011956	1071
ENSGMOG00000011327	8
ENSGMOG00000001667	10
ENSGMOG00000005514	923
ENSGMOG00000005567	27
ENSGMOG00000019860	53
ENSGMOG00000017868	21
ENSGMOG00000000376	0
ENSGMOG00000008472	1069
ENSGMOG00000008487	0
ENSGMOG00000010623	287
ENSGMOG00000016344	2416
ENSGMOG00000016369	1996
ENSGMOG00000003461	686
ENSGMOG00000007926	489
ENSGMOG00000007934	11
ENSGMOG00000007935	231
ENSGMOG00000007940	114
ENSGMOG00000016905	0
ENSGMOG00000016914	4180
ENSGMOG00000002215	714
ENSGMOG00000009538	142
ENSGMOG00000009547	544
ENSGMOG00000017267	0
ENSGMOG00000007373	69
ENSGMOG00000007382	808
ENSGMOG00000016716	171
ENSGMOG00000016719	852
ENSGMOG00000016725	381
ENSGMOG00000013080	883
ENSGMOG00000013086	69
ENSGMOG00000011568	6
ENSGMOG00000001186	8426
ENSGMOG00000001340	46
ENSGMOG00000012652	1994
ENSGMOG00000013425	5
ENSGMOG00000013433	0
ENSGMOG00000005323	0
ENSGMOG00000005329	660
ENSGMOG00000014567	3
ENSGMOG00000014597	0
ENSGMOG00000002078	40
ENSGMOG00000000392	997
ENSGMOG00000005269	366
ENSGMOG00000003102	3
ENSGMOG00000004954	574
ENSGMOG00000020420	29
ENSGMOG00000019137	4
ENSGMOG00000009545	0
ENSGMOG00000002800	156
ENSGMOG00000003691	439
ENSGMOG00000016517	950
ENSGMOG00000004673	775
ENSGMOG00000020532	245
ENSGMOG00000010020	26
ENSGMOG00000012772	1043
ENSGMOG00000001245	1385
ENSGMOG00000019369	698
ENSGMOG00000014318	69
ENSGMOG00000007682	6998
ENSGMOG00000007686	15075
ENSGMOG00000003548	16
ENSGMOG00000014187	145
ENSGMOG00000011239	347
ENSGMOG00000006896	1009
ENSGMOG00000010187	10
ENSGMOG00000010208	20
ENSGMOG00000019448	447
ENSGMOG00000013896	91
ENSGMOG00000013936	242
ENSGMOG00000000236	309
ENSGMOG00000005276	62
ENSGMOG00000018651	0
ENSGMOG00000018664	24
ENSGMOG00000015833	71
ENSGMOG00000015817	5
ENSGMOG00000007596	93
ENSGMOG00000002808	0
ENSGMOG00000002836	2406
ENSGMOG00000001538	2
ENSGMOG00000011937	4
ENSGMOG00000017099	1742
ENSGMOG00000002729	26
ENSGMOG00000013603	125
ENSGMOG00000000008	159
ENSGMOG00000017534	5
ENSGMOG00000017540	0
ENSGMOG00000001629	1267
ENSGMOG00000007492	31
ENSGMOG00000007502	583
ENSGMOG00000016867	76
ENSGMOG00000016884	2
ENSGMOG00000011896	46962
ENSGMOG00000011910	317
ENSGMOG00000004734	366
ENSGMOG00000004758	243
ENSGMOG00000004800	101
ENSGMOG00000015213	1
ENSGMOG00000009011	49
ENSGMOG00000009020	184
ENSGMOG00000013075	746
ENSGMOG00000013119	343
ENSGMOG00000013393	551
ENSGMOG00000013406	1
ENSGMOG00000018540	17
ENSGMOG00000012324	632
ENSGMOG00000012330	0
ENSGMOG00000020431	12
ENSGMOG00000005170	71
ENSGMOG00000009639	9331
ENSGMOG00000006196	4
ENSGMOG00000002462	1126
ENSGMOG00000002490	627
ENSGMOG00000001562	0
ENSGMOG00000005868	41
ENSGMOG00000005878	248
ENSGMOG00000005921	533
ENSGMOG00000004931	2236
ENSGMOG00000005219	13
ENSGMOG00000009492	2027
ENSGMOG00000012813	25
ENSGMOG00000008461	186
ENSGMOG00000012256	403
ENSGMOG00000012259	286
ENSGMOG00000015000	7
ENSGMOG00000021645	0
ENSGMOG00000022040	0
ENSGMOG00000020996	0
ENSGMOG00000004363	312
ENSGMOG00000013905	1
ENSGMOG00000003104	336
ENSGMOG00000003111	160
ENSGMOG00000017113	153
ENSGMOG00000001794	292
ENSGMOG00000003830	255
ENSGMOG00000003899	7
ENSGMOG00000016169	2
ENSGMOG00000020348	12
ENSGMOG00000003226	22
ENSGMOG00000021654	0
ENSGMOG00000021779	0
ENSGMOG00000020805	0
ENSGMOG00000020970	1
ENSGMOG00000022022	5
ENSGMOG00000000478	17
ENSGMOG00000000496	0
ENSGMOG00000000524	227
ENSGMOG00000006432	53
ENSGMOG00000018203	1
ENSGMOG00000010311	3
ENSGMOG00000011432	34
ENSGMOG00000016718	1185
ENSGMOG00000016743	81
ENSGMOG00000016772	359
ENSGMOG00000009681	0
ENSGMOG00000001623	0
ENSGMOG00000001634	22
ENSGMOG00000019149	0
ENSGMOG00000019153	1
ENSGMOG00000015319	142
ENSGMOG00000015351	639
ENSGMOG00000013350	79
ENSGMOG00000013365	0
ENSGMOG00000011719	154
ENSGMOG00000000590	2
ENSGMOG00000000604	3577
ENSGMOG00000014019	26
ENSGMOG00000001049	231
ENSGMOG00000001071	741
ENSGMOG00000011292	2420
ENSGMOG00000005243	43
ENSGMOG00000005257	10
ENSGMOG00000019376	27
ENSGMOG00000005357	7
ENSGMOG00000011588	604
ENSGMOG00000011592	137
ENSGMOG00000012985	9
ENSGMOG00000012990	54
ENSGMOG00000008506	0
ENSGMOG00000007106	1
ENSGMOG00000007117	4
ENSGMOG00000016920	3
ENSGMOG00000017177	92
ENSGMOG00000008651	58
ENSGMOG00000008660	84
ENSGMOG00000005187	7
ENSGMOG00000005999	27
ENSGMOG00000005718	3468
ENSGMOG00000012866	0
ENSGMOG00000009627	896
ENSGMOG00000021547	11
ENSGMOG00000003552	0
ENSGMOG00000003567	4
ENSGMOG00000020515	8
ENSGMOG00000013967	82
ENSGMOG00000013984	135
ENSGMOG00000003589	378
ENSGMOG00000017975	0
ENSGMOG00000017996	8545
ENSGMOG00000001404	433
ENSGMOG00000001448	2608
ENSGMOG00000007017	2069
ENSGMOG00000007028	16
ENSGMOG00000007032	0
ENSGMOG00000020543	8
ENSGMOG00000009869	1454
ENSGMOG00000009905	946
ENSGMOG00000020632	0
ENSGMOG00000021608	0
ENSGMOG00000017200	65
ENSGMOG00000013629	158
ENSGMOG00000015739	10465
ENSGMOG00000021771	2
ENSGMOG00000021669	0
ENSGMOG00000012098	559
ENSGMOG00000000577	185
ENSGMOG00000016837	178
ENSGMOG00000008880	909
ENSGMOG00000007344	255
ENSGMOG00000007358	111
ENSGMOG00000018105	2801
ENSGMOG00000018119	157
ENSGMOG00000014323	0
ENSGMOG00000008020	0
ENSGMOG00000003393	25
ENSGMOG00000012670	639
ENSGMOG00000012677	0
ENSGMOG00000004609	9
ENSGMOG00000002115	1
ENSGMOG00000013285	42
ENSGMOG00000008467	7
ENSGMOG00000007723	1620
ENSGMOG00000007730	128
ENSGMOG00000009360	168
ENSGMOG00000006845	947
ENSGMOG00000001701	67
ENSGMOG00000010052	112
ENSGMOG00000010060	1122
ENSGMOG00000015389	155
ENSGMOG00000002268	0
ENSGMOG00000002278	222
ENSGMOG00000018040	0
ENSGMOG00000018046	1034
ENSGMOG00000018073	216
ENSGMOG00000018088	8
ENSGMOG00000002662	331
ENSGMOG00000013844	26
ENSGMOG00000001953	1863
ENSGMOG00000018241	21
ENSGMOG00000011917	71
ENSGMOG00000013253	183
ENSGMOG00000001840	0
ENSGMOG00000001857	0
ENSGMOG00000003265	0
ENSGMOG00000003310	0
ENSGMOG00000014509	282
ENSGMOG00000011690	261
ENSGMOG00000004597	510
ENSGMOG00000011418	0
ENSGMOG00000014123	160
ENSGMOG00000011675	820
ENSGMOG00000011682	20
ENSGMOG00000020159	10
ENSGMOG00000020160	76
ENSGMOG00000020161	1
ENSGMOG00000019414	131
ENSGMOG00000019417	485
ENSGMOG00000002401	75
ENSGMOG00000004655	173
ENSGMOG00000009497	754
ENSGMOG00000014359	14
ENSGMOG00000014369	37
ENSGMOG00000013620	662
ENSGMOG00000013471	346
ENSGMOG00000001389	101
ENSGMOG00000007409	34
ENSGMOG00000007420	154
ENSGMOG00000009976	4236
ENSGMOG00000000716	56
ENSGMOG00000000735	163
ENSGMOG00000014194	382
ENSGMOG00000018917	12
ENSGMOG00000002980	85
ENSGMOG00000014411	198
ENSGMOG00000014437	173
ENSGMOG00000011802	210
ENSGMOG00000012523	294
ENSGMOG00000012524	17
ENSGMOG00000004046	770
ENSGMOG00000019183	108
ENSGMOG00000020612	5
ENSGMOG00000020613	90
ENSGMOG00000018694	1575
ENSGMOG00000012769	0
ENSGMOG00000006904	447
ENSGMOG00000006910	491
ENSGMOG00000004169	4
ENSGMOG00000002072	424
ENSGMOG00000002459	7
ENSGMOG00000002469	8522
ENSGMOG00000016032	246
ENSGMOG00000003814	0
ENSGMOG00000003150	410
ENSGMOG00000003165	190
ENSGMOG00000002015	345
ENSGMOG00000007334	126
ENSGMOG00000000258	744
ENSGMOG00000000261	453
ENSGMOG00000000840	1835
ENSGMOG00000008034	486
ENSGMOG00000010155	505
ENSGMOG00000021003	0
ENSGMOG00000003337	573
ENSGMOG00000019529	4
ENSGMOG00000014487	1512
ENSGMOG00000012710	25
ENSGMOG00000000970	2
ENSGMOG00000017053	0
ENSGMOG00000017075	0
ENSGMOG00000008559	79
ENSGMOG00000006312	0
ENSGMOG00000001384	0
ENSGMOG00000000042	171
ENSGMOG00000006969	119
ENSGMOG00000017847	1078
ENSGMOG00000004285	8
ENSGMOG00000000785	154
ENSGMOG00000006035	1162
ENSGMOG00000014552	7
ENSGMOG00000001011	9609
ENSGMOG00000001021	718
ENSGMOG00000000422	2582
ENSGMOG00000018681	0
ENSGMOG00000018282	581
ENSGMOG00000009033	75
ENSGMOG00000005664	1524
ENSGMOG00000005681	4048
ENSGMOG00000005692	1579
ENSGMOG00000005704	4613
ENSGMOG00000002946	3
ENSGMOG00000002975	312
ENSGMOG00000005680	148
ENSGMOG00000006529	55
ENSGMOG00000001292	990
ENSGMOG00000007572	1044
ENSGMOG00000012101	0
ENSGMOG00000020071	0
ENSGMOG00000013000	16
ENSGMOG00000003871	588
ENSGMOG00000006480	13
ENSGMOG00000001469	38
ENSGMOG00000016479	4
ENSGMOG00000010602	29
ENSGMOG00000013652	218
ENSGMOG00000015074	166
ENSGMOG00000001763	159
ENSGMOG00000006985	89
ENSGMOG00000019718	14
ENSGMOG00000001532	81
ENSGMOG00000002107	27
ENSGMOG00000002112	145
ENSGMOG00000007550	79
ENSGMOG00000008527	962
ENSGMOG00000015201	146
ENSGMOG00000009276	237
ENSGMOG00000018866	4730
ENSGMOG00000001037	16
ENSGMOG00000000134	37
ENSGMOG00000010618	1670
ENSGMOG00000010638	1488
ENSGMOG00000017377	2
ENSGMOG00000021133	0
ENSGMOG00000017375	72
ENSGMOG00000019081	318
ENSGMOG00000000748	903
ENSGMOG00000007671	42
ENSGMOG00000007674	997
ENSGMOG00000011161	0
ENSGMOG00000021216	0
ENSGMOG00000004448	932
ENSGMOG00000015764	3
ENSGMOG00000015732	11
ENSGMOG00000021040	0
ENSGMOG00000012246	10637
ENSGMOG00000001614	664
ENSGMOG00000012669	282
ENSGMOG00000017615	857
ENSGMOG00000016226	3
ENSGMOG00000003034	2060
ENSGMOG00000020213	0
ENSGMOG00000015026	0
ENSGMOG00000004245	755
ENSGMOG00000004258	181
ENSGMOG00000013717	1882
ENSGMOG00000013743	7
ENSGMOG00000014053	611
ENSGMOG00000013109	818
ENSGMOG00000013117	4
ENSGMOG00000013129	0
ENSGMOG00000018029	53
ENSGMOG00000017722	205
ENSGMOG00000017748	10
ENSGMOG00000017754	20
ENSGMOG00000009039	12
ENSGMOG00000021427	0
ENSGMOG00000015138	84
ENSGMOG00000003740	0
ENSGMOG00000003960	1
ENSGMOG00000003981	15
ENSGMOG00000004570	387
ENSGMOG00000004587	0
ENSGMOG00000014753	6055
ENSGMOG00000002558	1371
ENSGMOG00000006635	3018
ENSGMOG00000010532	2
ENSGMOG00000001828	33
ENSGMOG00000000454	0
ENSGMOG00000011768	2
ENSGMOG00000009095	835
ENSGMOG00000003660	875
ENSGMOG00000005802	1324
ENSGMOG00000005817	752
ENSGMOG00000014102	67637
ENSGMOG00000019174	714
ENSGMOG00000006607	374
ENSGMOG00000020057	0
ENSGMOG00000004562	478
ENSGMOG00000004586	533
ENSGMOG00000015716	1
ENSGMOG00000012422	7
ENSGMOG00000012437	1155
ENSGMOG00000012325	0
ENSGMOG00000006033	88
ENSGMOG00000016327	789
ENSGMOG00000013988	25
ENSGMOG00000009664	3
ENSGMOG00000009667	0
ENSGMOG00000004170	374
ENSGMOG00000008709	4
ENSGMOG00000003519	853
ENSGMOG00000014301	98
ENSGMOG00000000493	0
ENSGMOG00000020113	42
ENSGMOG00000008346	473
ENSGMOG00000015460	3859
ENSGMOG00000015469	256
ENSGMOG00000015481	7
ENSGMOG00000008476	217
ENSGMOG00000008479	398
ENSGMOG00000008485	0
ENSGMOG00000008815	977
ENSGMOG00000003762	164
ENSGMOG00000018008	19
ENSGMOG00000013617	0
ENSGMOG00000001449	1
ENSGMOG00000000465	883
ENSGMOG00000016133	3751
ENSGMOG00000016154	1187
ENSGMOG00000016394	8
ENSGMOG00000015227	171
ENSGMOG00000015240	384
ENSGMOG00000012877	0
ENSGMOG00000005614	21
ENSGMOG00000007902	0
ENSGMOG00000001416	276
ENSGMOG00000000001	2092
ENSGMOG00000015090	0
ENSGMOG00000002969	267
ENSGMOG00000002994	315
ENSGMOG00000010564	14
ENSGMOG00000020957	0
ENSGMOG00000002675	3418
ENSGMOG00000002606	18
ENSGMOG00000002615	417
ENSGMOG00000000915	631
ENSGMOG00000002167	8651
ENSGMOG00000004522	7
ENSGMOG00000012014	660
ENSGMOG00000012020	1552
ENSGMOG00000014294	15
ENSGMOG00000014217	2613
ENSGMOG00000020094	220
ENSGMOG00000007553	5
ENSGMOG00000012439	71
ENSGMOG00000012444	3579
ENSGMOG00000008391	1
ENSGMOG00000001665	32
ENSGMOG00000001787	2682
ENSGMOG00000016156	42
ENSGMOG00000020501	0
ENSGMOG00000013879	4
ENSGMOG00000004042	25
ENSGMOG00000004061	93
ENSGMOG00000014400	11
ENSGMOG00000014983	29
ENSGMOG00000010408	0
ENSGMOG00000010423	110
ENSGMOG00000004347	114
ENSGMOG00000003179	2622
ENSGMOG00000003852	0
ENSGMOG00000001573	251
ENSGMOG00000005398	277
ENSGMOG00000004365	1
ENSGMOG00000004383	0
ENSGMOG00000021164	0
ENSGMOG00000015866	2487
ENSGMOG00000014435	669
ENSGMOG00000016201	1177
ENSGMOG00000014357	551
ENSGMOG00000014429	1094
ENSGMOG00000021323	0
ENSGMOG00000001512	5
ENSGMOG00000001530	0
ENSGMOG00000001547	70
ENSGMOG00000002091	1
ENSGMOG00000020167	883
ENSGMOG00000000340	1574
ENSGMOG00000001823	271
ENSGMOG00000001964	205
ENSGMOG00000010229	578
ENSGMOG00000008668	37
ENSGMOG00000005221	159
ENSGMOG00000014714	1192
ENSGMOG00000019875	1
ENSGMOG00000015054	355
ENSGMOG00000000832	342
ENSGMOG00000019416	102310
ENSGMOG00000019420	1161
ENSGMOG00000000930	6
ENSGMOG00000013034	2
ENSGMOG00000013681	4253
ENSGMOG00000011555	60
ENSGMOG00000012927	342
ENSGMOG00000012931	550
ENSGMOG00000014342	166
ENSGMOG00000008424	5
ENSGMOG00000000426	2
ENSGMOG00000020503	13
ENSGMOG00000018224	532
ENSGMOG00000018232	887
ENSGMOG00000005942	3466
ENSGMOG00000002814	12
ENSGMOG00000002346	523
ENSGMOG00000019121	33
ENSGMOG00000009694	0
ENSGMOG00000014683	171
ENSGMOG00000014709	175
ENSGMOG00000000301	2504
ENSGMOG00000010527	2
ENSGMOG00000015602	1
ENSGMOG00000004068	4643
ENSGMOG00000007669	14
ENSGMOG00000017851	143
ENSGMOG00000017677	20
ENSGMOG00000011964	785
ENSGMOG00000011969	1372
ENSGMOG00000006045	1289
ENSGMOG00000021940	2
ENSGMOG00000020937	17
ENSGMOG00000021068	0
ENSGMOG00000021199	0
ENSGMOG00000022140	10
ENSGMOG00000016232	1817
ENSGMOG00000016249	434
ENSGMOG00000020353	4134
ENSGMOG00000005659	0
ENSGMOG00000011850	170
ENSGMOG00000019544	0
ENSGMOG00000018462	2186
ENSGMOG00000020130	4
ENSGMOG00000012961	2921
ENSGMOG00000012968	53
ENSGMOG00000010950	30
ENSGMOG00000010960	0
ENSGMOG00000016135	634
ENSGMOG00000001540	636
ENSGMOG00000001560	6473
ENSGMOG00000016256	222
ENSGMOG00000015475	1
ENSGMOG00000015495	454
ENSGMOG00000002440	599
ENSGMOG00000003191	0
ENSGMOG00000004841	166
ENSGMOG00000012036	621
ENSGMOG00000010520	2083
ENSGMOG00000017186	359
ENSGMOG00000016895	0
ENSGMOG00000018990	35
ENSGMOG00000000905	125
ENSGMOG00000000924	814
ENSGMOG00000011581	397
ENSGMOG00000015489	0
ENSGMOG00000003593	38
ENSGMOG00000003602	118
ENSGMOG00000010911	48
ENSGMOG00000002189	4740
ENSGMOG00000002213	1027
ENSGMOG00000019504	745
ENSGMOG00000001380	8
ENSGMOG00000004484	733
ENSGMOG00000012517	429
ENSGMOG00000012518	11383
ENSGMOG00000012782	2
ENSGMOG00000007125	870
ENSGMOG00000007436	3234
ENSGMOG00000020273	86
ENSGMOG00000010823	5
ENSGMOG00000018202	7
ENSGMOG00000016099	24
ENSGMOG00000010139	0
ENSGMOG00000013665	67
ENSGMOG00000005388	0
ENSGMOG00000021772	0
ENSGMOG00000005077	4
ENSGMOG00000004860	89
ENSGMOG00000004515	3
ENSGMOG00000004532	6
ENSGMOG00000004545	8
ENSGMOG00000004564	4
ENSGMOG00000014262	187
ENSGMOG00000018252	0
ENSGMOG00000018267	5
ENSGMOG00000002876	39
ENSGMOG00000017886	573
ENSGMOG00000012701	3377
ENSGMOG00000011819	375
ENSGMOG00000017416	517
ENSGMOG00000020136	217
ENSGMOG00000007801	325
ENSGMOG00000014604	2608
ENSGMOG00000005563	79
ENSGMOG00000000013	0
ENSGMOG00000017358	0
ENSGMOG00000012614	623
ENSGMOG00000000024	59
ENSGMOG00000005915	13866
ENSGMOG00000008090	292
ENSGMOG00000011243	5
ENSGMOG00000011250	274
ENSGMOG00000011257	844
ENSGMOG00000012716	125
ENSGMOG00000007736	2903
ENSGMOG00000014956	1459
ENSGMOG00000018266	0
ENSGMOG00000016187	272
ENSGMOG00000016211	16
ENSGMOG00000014741	292
ENSGMOG00000012418	0
ENSGMOG00000014463	0
ENSGMOG00000003833	762
ENSGMOG00000000488	231
ENSGMOG00000000509	1344
ENSGMOG00000000521	1456
ENSGMOG00000022106	1
ENSGMOG00000021840	11
ENSGMOG00000020846	54
ENSGMOG00000021559	7
ENSGMOG00000015107	578
ENSGMOG00000013880	9
ENSGMOG00000008197	86
ENSGMOG00000002870	1
ENSGMOG00000003074	4661
ENSGMOG00000020350	12
ENSGMOG00000019011	0
ENSGMOG00000010443	40
ENSGMOG00000019756	28
ENSGMOG00000013787	0
ENSGMOG00000014910	2190
ENSGMOG00000018068	10
ENSGMOG00000016080	1656
ENSGMOG00000005876	171
ENSGMOG00000018321	40
ENSGMOG00000011793	1098
ENSGMOG00000016866	151
ENSGMOG00000003545	5
ENSGMOG00000019245	0
ENSGMOG00000019250	696
ENSGMOG00000010983	15
ENSGMOG00000014665	29
ENSGMOG00000005193	0
ENSGMOG00000009974	2
ENSGMOG00000001160	638
ENSGMOG00000001187	0
ENSGMOG00000015678	40
ENSGMOG00000015721	579
ENSGMOG00000005151	30
ENSGMOG00000004397	237
ENSGMOG00000005776	0
ENSGMOG00000012974	35
ENSGMOG00000014317	283
ENSGMOG00000019032	62
ENSGMOG00000010046	2
ENSGMOG00000006507	107
ENSGMOG00000006518	343
ENSGMOG00000020460	80
ENSGMOG00000013686	1426
ENSGMOG00000013693	2611
ENSGMOG00000021981	10
ENSGMOG00000021338	21
ENSGMOG00000011258	116
ENSGMOG00000001239	328
ENSGMOG00000002770	17
ENSGMOG00000004918	419
ENSGMOG00000001589	72
ENSGMOG00000006991	2063
ENSGMOG00000000585	633
ENSGMOG00000006333	299
ENSGMOG00000009641	3069
ENSGMOG00000020616	4
ENSGMOG00000005480	112
ENSGMOG00000009555	636
ENSGMOG00000000379	2812
ENSGMOG00000017379	1400
ENSGMOG00000006197	401
ENSGMOG00000013677	1489
ENSGMOG00000013699	18
ENSGMOG00000003535	79
ENSGMOG00000011659	589
ENSGMOG00000010138	32
ENSGMOG00000016192	30
ENSGMOG00000003160	655
ENSGMOG00000010627	4
ENSGMOG00000011464	16
ENSGMOG00000016365	28
ENSGMOG00000016383	1378
ENSGMOG00000019497	1
ENSGMOG00000019480	16
ENSGMOG00000018107	2045
ENSGMOG00000014541	6
ENSGMOG00000015183	180
ENSGMOG00000001844	293
ENSGMOG00000002745	0
ENSGMOG00000002754	154
ENSGMOG00000019889	3
ENSGMOG00000015974	1257
ENSGMOG00000012926	368
ENSGMOG00000015473	595
ENSGMOG00000006642	7
ENSGMOG00000004423	795
ENSGMOG00000004440	10
ENSGMOG00000015303	962
ENSGMOG00000012964	314
ENSGMOG00000001386	0
ENSGMOG00000017999	637
ENSGMOG00000018014	2407
ENSGMOG00000012453	2
ENSGMOG00000011395	202
ENSGMOG00000020803	1
ENSGMOG00000021883	0
ENSGMOG00000020989	7
ENSGMOG00000015244	368
ENSGMOG00000015301	573
ENSGMOG00000000238	55
ENSGMOG00000014185	152
ENSGMOG00000020092	9
ENSGMOG00000014205	21
ENSGMOG00000014255	11581
ENSGMOG00000006549	9
ENSGMOG00000021125	1
ENSGMOG00000019782	0
ENSGMOG00000012855	300
ENSGMOG00000020789	0
ENSGMOG00000020399	285
ENSGMOG00000007965	1241
ENSGMOG00000019324	0
ENSGMOG00000017356	66
ENSGMOG00000021464	0
ENSGMOG00000014391	8
ENSGMOG00000014501	0
ENSGMOG00000018217	5241
ENSGMOG00000013856	752
ENSGMOG00000014450	1
ENSGMOG00000016625	279
ENSGMOG00000013727	970
ENSGMOG00000006582	508
ENSGMOG00000021898	955
ENSGMOG00000017923	5236
ENSGMOG00000020556	0
ENSGMOG00000004505	7
ENSGMOG00000000187	0
ENSGMOG00000000191	1
ENSGMOG00000019438	1
ENSGMOG00000017752	0
ENSGMOG00000010171	264
ENSGMOG00000017567	2617
ENSGMOG00000015177	443
ENSGMOG00000010160	0
ENSGMOG00000013146	1056
ENSGMOG00000013158	8
ENSGMOG00000007560	12545
ENSGMOG00000021730	11
ENSGMOG00000011290	0
ENSGMOG00000008525	321
ENSGMOG00000007168	275
ENSGMOG00000018035	24
ENSGMOG00000018041	561
ENSGMOG00000018060	688
ENSGMOG00000012803	909
ENSGMOG00000008253	0
ENSGMOG00000017092	20
ENSGMOG00000009235	178
ENSGMOG00000020573	386
ENSGMOG00000002939	1
ENSGMOG00000002963	2
ENSGMOG00000001633	0
ENSGMOG00000009106	13
ENSGMOG00000010096	19
ENSGMOG00000014223	57
ENSGMOG00000015480	263
ENSGMOG00000013673	2729
ENSGMOG00000013723	1285
ENSGMOG00000003201	364
ENSGMOG00000017942	136
ENSGMOG00000008065	319
ENSGMOG00000000125	2
ENSGMOG00000000130	684
ENSGMOG00000016856	51
ENSGMOG00000011974	31
ENSGMOG00000011982	7
ENSGMOG00000007638	570
ENSGMOG00000015972	94
ENSGMOG00000016000	125
ENSGMOG00000005387	0
ENSGMOG00000005408	0
ENSGMOG00000009193	2
ENSGMOG00000003097	28
ENSGMOG00000013969	0
ENSGMOG00000014470	138
ENSGMOG00000000002	206
ENSGMOG00000008040	37
ENSGMOG00000016958	355
ENSGMOG00000011168	307
ENSGMOG00000000830	37
ENSGMOG00000020816	33
ENSGMOG00000000838	37335
ENSGMOG00000021989	27
ENSGMOG00000021635	6
ENSGMOG00000021890	7
ENSGMOG00000020830	1
ENSGMOG00000016521	502
ENSGMOG00000016526	244
ENSGMOG00000016533	390
ENSGMOG00000012711	12
ENSGMOG00000008882	52
ENSGMOG00000012844	12
ENSGMOG00000012846	520
ENSGMOG00000010148	11
ENSGMOG00000010152	3
ENSGMOG00000012640	2065
ENSGMOG00000009750	508
ENSGMOG00000003228	97
ENSGMOG00000003285	66
ENSGMOG00000016427	815
ENSGMOG00000004530	65
ENSGMOG00000004553	1117
ENSGMOG00000000040	5530
ENSGMOG00000007153	10
ENSGMOG00000007158	53
ENSGMOG00000005162	467
ENSGMOG00000006434	96
ENSGMOG00000006021	7
ENSGMOG00000003244	0
ENSGMOG00000009132	16
ENSGMOG00000002178	0
ENSGMOG00000012972	670
ENSGMOG00000011044	27
ENSGMOG00000007027	85
ENSGMOG00000010212	237
ENSGMOG00000016371	0
ENSGMOG00000004025	93
ENSGMOG00000013613	0
ENSGMOG00000001642	0
ENSGMOG00000002580	3
ENSGMOG00000013670	5
ENSGMOG00000013724	48
ENSGMOG00000021024	0
ENSGMOG00000014279	959
ENSGMOG00000004497	1759
ENSGMOG00000016298	291
ENSGMOG00000002418	0
ENSGMOG00000004582	584
ENSGMOG00000010305	4
ENSGMOG00000020546	0
ENSGMOG00000005347	1740
ENSGMOG00000005360	639
ENSGMOG00000015246	946
ENSGMOG00000008032	53
ENSGMOG00000002595	249
ENSGMOG00000009600	0
ENSGMOG00000001909	1211
ENSGMOG00000007221	23
ENSGMOG00000000127	1
ENSGMOG00000012074	4746
ENSGMOG00000015124	553
ENSGMOG00000009579	38
ENSGMOG00000004184	1054
ENSGMOG00000004201	3
ENSGMOG00000014662	4842
ENSGMOG00000010524	1015
ENSGMOG00000006936	301
ENSGMOG00000006941	410
ENSGMOG00000011329	1
ENSGMOG00000011366	548
ENSGMOG00000005674	117
ENSGMOG00000005693	2
ENSGMOG00000000222	718
ENSGMOG00000007031	192
ENSGMOG00000006771	4592
ENSGMOG00000009100	0
ENSGMOG00000014302	7207
ENSGMOG00000014023	0
ENSGMOG00000014114	305
ENSGMOG00000014163	234
ENSGMOG00000021979	0
ENSGMOG00000007976	0
ENSGMOG00000013966	26
ENSGMOG00000003550	30
ENSGMOG00000000472	0
ENSGMOG00000005729	1248
ENSGMOG00000013248	121
ENSGMOG00000002284	177
ENSGMOG00000011572	270
ENSGMOG00000008070	1928
ENSGMOG00000010348	985
ENSGMOG00000002460	585
ENSGMOG00000018114	287
ENSGMOG00000010118	1062
ENSGMOG00000006964	1
ENSGMOG00000010979	2
ENSGMOG00000021248	0
ENSGMOG00000002075	0
ENSGMOG00000002081	562
ENSGMOG00000018918	73
ENSGMOG00000016321	43
ENSGMOG00000008441	1082
ENSGMOG00000013392	565
ENSGMOG00000017532	0
ENSGMOG00000019307	5
ENSGMOG00000003384	0
ENSGMOG00000007138	3
ENSGMOG00000007144	4
ENSGMOG00000013737	0
ENSGMOG00000017292	503
ENSGMOG00000017273	19150
ENSGMOG00000001128	735
ENSGMOG00000021957	0
ENSGMOG00000017467	119
ENSGMOG00000019979	27
ENSGMOG00000009178	76
ENSGMOG00000013654	1804
ENSGMOG00000015347	275
ENSGMOG00000015374	2636
ENSGMOG00000012696	0
ENSGMOG00000008243	8
ENSGMOG00000007289	8
ENSGMOG00000007011	1
ENSGMOG00000004154	287
ENSGMOG00000014531	6
ENSGMOG00000001754	419
ENSGMOG00000005879	4
ENSGMOG00000012091	190
ENSGMOG00000001826	1417
ENSGMOG00000018082	0
ENSGMOG00000018225	4834
ENSGMOG00000020267	0
ENSGMOG00000020311	175
ENSGMOG00000019227	815
ENSGMOG00000008062	8985
ENSGMOG00000013507	431
ENSGMOG00000002391	1602
ENSGMOG00000002405	293
ENSGMOG00000002425	2734
ENSGMOG00000007006	1
ENSGMOG00000007013	41
ENSGMOG00000010054	11
ENSGMOG00000019811	181
ENSGMOG00000000196	0
ENSGMOG00000017234	223
ENSGMOG00000019759	121
ENSGMOG00000017549	14
ENSGMOG00000016121	283
ENSGMOG00000002442	1
ENSGMOG00000015207	11
ENSGMOG00000009777	226
ENSGMOG00000007457	0
ENSGMOG00000017080	8
ENSGMOG00000001672	58
ENSGMOG00000000308	667
ENSGMOG00000000015	554
ENSGMOG00000010597	1229
ENSGMOG00000013092	20
ENSGMOG00000018842	0
ENSGMOG00000021367	0
ENSGMOG00000021757	0
ENSGMOG00000000837	91
ENSGMOG00000014906	407
ENSGMOG00000021190	0
ENSGMOG00000000325	1650
ENSGMOG00000004882	811
ENSGMOG00000014455	0
ENSGMOG00000014476	33
ENSGMOG00000014506	4
ENSGMOG00000015528	5335
ENSGMOG00000015637	17
ENSGMOG00000018265	19
ENSGMOG00000007189	0
ENSGMOG00000007197	0
ENSGMOG00000018199	0
ENSGMOG00000006519	4114
ENSGMOG00000009925	19
ENSGMOG00000003498	386
ENSGMOG00000000107	109623
ENSGMOG00000013802	700
ENSGMOG00000002990	11
ENSGMOG00000010671	143
ENSGMOG00000003368	73
ENSGMOG00000002542	251
ENSGMOG00000011391	7618
ENSGMOG00000006922	442
ENSGMOG00000009336	4372
ENSGMOG00000012593	0
ENSGMOG00000009026	3
ENSGMOG00000001669	305
ENSGMOG00000020609	5
ENSGMOG00000020610	6
ENSGMOG00000017890	48
ENSGMOG00000016569	465
ENSGMOG00000002893	83
ENSGMOG00000014797	235
ENSGMOG00000012075	0
ENSGMOG00000010196	299
ENSGMOG00000005635	1184
ENSGMOG00000013528	619
ENSGMOG00000006506	845
ENSGMOG00000015825	3
ENSGMOG00000015832	92
ENSGMOG00000015840	679
ENSGMOG00000010963	0
ENSGMOG00000012694	2337
ENSGMOG00000011270	406
ENSGMOG00000018724	52
ENSGMOG00000016577	1
ENSGMOG00000004708	3
ENSGMOG00000003006	784
ENSGMOG00000000858	0
ENSGMOG00000018490	690
ENSGMOG00000002334	84
ENSGMOG00000000438	526
ENSGMOG00000000477	305
ENSGMOG00000016314	0
ENSGMOG00000009799	405
ENSGMOG00000009301	12
ENSGMOG00000009581	437
ENSGMOG00000021412	0
ENSGMOG00000007609	1096
ENSGMOG00000004611	3882
ENSGMOG00000002419	297
ENSGMOG00000003936	51
ENSGMOG00000003949	785
ENSGMOG00000003956	113
ENSGMOG00000008497	57
ENSGMOG00000019538	470
ENSGMOG00000000760	14
ENSGMOG00000014682	2
ENSGMOG00000010876	2
ENSGMOG00000020104	149
ENSGMOG00000017594	410
ENSGMOG00000015108	121
ENSGMOG00000016869	0
ENSGMOG00000013039	10
ENSGMOG00000003511	1
ENSGMOG00000019989	23
ENSGMOG00000018670	0
ENSGMOG00000004167	76
ENSGMOG00000011625	33
ENSGMOG00000011635	13
ENSGMOG00000007936	380
ENSGMOG00000000270	140
ENSGMOG00000007150	239
ENSGMOG00000007156	25
ENSGMOG00000007167	248
ENSGMOG00000003297	0
ENSGMOG00000018758	6
ENSGMOG00000008682	0
ENSGMOG00000021833	0
ENSGMOG00000012699	854
ENSGMOG00000004610	3020
ENSGMOG00000014201	389
ENSGMOG00000015910	31
ENSGMOG00000002768	111
ENSGMOG00000020043	11
ENSGMOG00000012810	0
ENSGMOG00000013711	1324
ENSGMOG00000019349	415
ENSGMOG00000020494	55
ENSGMOG00000020219	7
ENSGMOG00000006009	34
ENSGMOG00000020378	3
ENSGMOG00000003939	240
ENSGMOG00000019657	1319
ENSGMOG00000004151	349
ENSGMOG00000001646	98
ENSGMOG00000020590	5
ENSGMOG00000018485	576
ENSGMOG00000010946	516
ENSGMOG00000012055	0
ENSGMOG00000021022	0
ENSGMOG00000001365	943
ENSGMOG00000018862	1012
ENSGMOG00000007831	0
ENSGMOG00000002177	147
ENSGMOG00000011060	0
ENSGMOG00000013919	1
ENSGMOG00000011798	18
ENSGMOG00000003127	87
ENSGMOG00000016911	204
ENSGMOG00000005896	0
ENSGMOG00000020390	533
ENSGMOG00000001383	354
ENSGMOG00000014982	63
ENSGMOG00000016662	2203
ENSGMOG00000011882	690
ENSGMOG00000019883	105
ENSGMOG00000015996	43
ENSGMOG00000006943	137
ENSGMOG00000020256	24
ENSGMOG00000010937	148
ENSGMOG00000019159	40
ENSGMOG00000011306	0
ENSGMOG00000021714	0
ENSGMOG00000002604	16
ENSGMOG00000014468	46
ENSGMOG00000015396	95
ENSGMOG00000007115	784
ENSGMOG00000008921	435
ENSGMOG00000010267	67
ENSGMOG00000000166	123
ENSGMOG00000002874	0
ENSGMOG00000019594	281
ENSGMOG00000008984	353
ENSGMOG00000016591	212
ENSGMOG00000011113	836
ENSGMOG00000010376	668
ENSGMOG00000019344	102
ENSGMOG00000019738	0
ENSGMOG00000004821	52
ENSGMOG00000004838	603
ENSGMOG00000018012	52
ENSGMOG00000016161	145
ENSGMOG00000017164	241
ENSGMOG00000003142	764
ENSGMOG00000020739	0
ENSGMOG00000003819	517
ENSGMOG00000016927	0
ENSGMOG00000005548	46
ENSGMOG00000001196	289
ENSGMOG00000010663	176
ENSGMOG00000001904	14
ENSGMOG00000010531	1248
ENSGMOG00000006850	413
ENSGMOG00000000136	236
ENSGMOG00000009487	0
ENSGMOG00000013885	0
ENSGMOG00000016172	605
ENSGMOG00000000880	39
ENSGMOG00000006003	29
ENSGMOG00000010649	272
ENSGMOG00000012109	0
ENSGMOG00000021540	0
ENSGMOG00000012111	0
ENSGMOG00000018696	758
ENSGMOG00000017955	1
ENSGMOG00000005925	2016
ENSGMOG00000014811	36
ENSGMOG00000020305	261
ENSGMOG00000011924	81
ENSGMOG00000011927	11
ENSGMOG00000009719	2395
ENSGMOG00000016015	131
ENSGMOG00000018899	1061
ENSGMOG00000005172	344
ENSGMOG00000021768	31
ENSGMOG00000003216	0
ENSGMOG00000008049	629
ENSGMOG00000021353	55
ENSGMOG00000001994	783
ENSGMOG00000020293	1
ENSGMOG00000008416	1263
ENSGMOG00000015300	96852
ENSGMOG00000001652	4
ENSGMOG00000020080	0
ENSGMOG00000003069	597
ENSGMOG00000018386	33
ENSGMOG00000013963	49
ENSGMOG00000008146	133
ENSGMOG00000002285	200
ENSGMOG00000001363	1
ENSGMOG00000012447	12
ENSGMOG00000008868	128
ENSGMOG00000005337	86
ENSGMOG00000008531	122
ENSGMOG00000011677	0
ENSGMOG00000001138	140
ENSGMOG00000001366	338
ENSGMOG00000019274	76
ENSGMOG00000010018	6
ENSGMOG00000002388	150
ENSGMOG00000007302	0
ENSGMOG00000012860	3
ENSGMOG00000006250	0
ENSGMOG00000002144	0
ENSGMOG00000010577	672
ENSGMOG00000009856	28
ENSGMOG00000017357	1488
ENSGMOG00000004185	1
ENSGMOG00000001456	0
ENSGMOG00000013756	0
ENSGMOG00000005223	317
ENSGMOG00000000616	520
ENSGMOG00000000573	975
ENSGMOG00000004890	75
ENSGMOG00000005440	18
ENSGMOG00000008613	31
ENSGMOG00000013420	0
ENSGMOG00000016353	3
ENSGMOG00000021933	0
ENSGMOG00000004035	5463
ENSGMOG00000001223	305
ENSGMOG00000000784	57
ENSGMOG00000012863	1
ENSGMOG00000013339	14
ENSGMOG00000019551	0
ENSGMOG00000009820	59
ENSGMOG00000009275	22485
ENSGMOG00000014186	4067
ENSGMOG00000013207	670
ENSGMOG00000014661	40
ENSGMOG00000018828	510
ENSGMOG00000021720	0
ENSGMOG00000010067	240
ENSGMOG00000009614	17
ENSGMOG00000005615	39
ENSGMOG00000000602	149
ENSGMOG00000019969	5
ENSGMOG00000007428	529
ENSGMOG00000019330	7
ENSGMOG00000003635	9
ENSGMOG00000005759	9
ENSGMOG00000010226	34
ENSGMOG00000000154	1213
ENSGMOG00000013105	2373
ENSGMOG00000017761	41
ENSGMOG00000014247	2
ENSGMOG00000001280	16074
ENSGMOG00000018363	0
ENSGMOG00000010504	811
ENSGMOG00000019802	100
ENSGMOG00000018575	0
ENSGMOG00000008889	124
ENSGMOG00000014050	14
ENSGMOG00000004979	6
ENSGMOG00000015424	360
ENSGMOG00000017768	8
ENSGMOG00000011236	1525
ENSGMOG00000004318	406
ENSGMOG00000000425	4
ENSGMOG00000001385	8
ENSGMOG00000018998	19
ENSGMOG00000003188	1
ENSGMOG00000013345	775
ENSGMOG00000000205	2
ENSGMOG00000021899	0
ENSGMOG00000003561	994
ENSGMOG00000018239	603
ENSGMOG00000015441	249
ENSGMOG00000009919	27
ENSGMOG00000011848	1
ENSGMOG00000016539	158
ENSGMOG00000019925	7
ENSGMOG00000009536	476
ENSGMOG00000004943	270
ENSGMOG00000003247	215
ENSGMOG00000003419	63
ENSGMOG00000005071	20
ENSGMOG00000008918	1
ENSGMOG00000012504	716
ENSGMOG00000006244	0
ENSGMOG00000011482	38
ENSGMOG00000009115	139
ENSGMOG00000012891	454
ENSGMOG00000015272	1
ENSGMOG00000000861	380
ENSGMOG00000013938	4
ENSGMOG00000018051	0
ENSGMOG00000020548	53
ENSGMOG00000000432	163
ENSGMOG00000008539	434
ENSGMOG00000002386	2658
ENSGMOG00000002415	0
ENSGMOG00000015144	3428
ENSGMOG00000007088	0
ENSGMOG00000014530	0
ENSGMOG00000016685	17
ENSGMOG00000015422	258
ENSGMOG00000000177	203
ENSGMOG00000016579	0
ENSGMOG00000013230	0
ENSGMOG00000020991	0
ENSGMOG00000019902	0
ENSGMOG00000014730	6
ENSGMOG00000019903	2
ENSGMOG00000001743	761
ENSGMOG00000016608	1554
ENSGMOG00000015939	2976
ENSGMOG00000021440	0
ENSGMOG00000020180	0
ENSGMOG00000019662	438
ENSGMOG00000019263	2
ENSGMOG00000020383	130
ENSGMOG00000002671	77
ENSGMOG00000000288	1733
ENSGMOG00000002717	1413
ENSGMOG00000013167	1601
ENSGMOG00000020488	215
ENSGMOG00000018177	105
ENSGMOG00000002352	2
ENSGMOG00000013845	1706
ENSGMOG00000002359	3
ENSGMOG00000017335	513
ENSGMOG00000010976	9
ENSGMOG00000014768	2401
ENSGMOG00000005971	869
ENSGMOG00000020053	62
ENSGMOG00000016495	325
ENSGMOG00000020639	7
ENSGMOG00000014671	0
ENSGMOG00000012218	144
ENSGMOG00000008902	74
ENSGMOG00000020504	2994
ENSGMOG00000015037	123
ENSGMOG00000013247	273
ENSGMOG00000014566	0
ENSGMOG00000000599	957
ENSGMOG00000015693	572
ENSGMOG00000015964	0
ENSGMOG00000016551	199
ENSGMOG00000012872	63
ENSGMOG00000000239	243
ENSGMOG00000019029	54
ENSGMOG00000003388	2
ENSGMOG00000005358	40
ENSGMOG00000013868	1721
ENSGMOG00000009013	1
ENSGMOG00000009599	23634
ENSGMOG00000000447	12
ENSGMOG00000009834	288
ENSGMOG00000004773	23
ENSGMOG00000021759	3
ENSGMOG00000017336	0
ENSGMOG00000012105	25
ENSGMOG00000001217	5
ENSGMOG00000003040	0
ENSGMOG00000008865	3196
ENSGMOG00000012632	4
ENSGMOG00000009606	3
ENSGMOG00000015255	0
ENSGMOG00000019319	8
ENSGMOG00000011516	233
ENSGMOG00000011673	522
ENSGMOG00000015846	129
ENSGMOG00000000537	0
ENSGMOG00000018197	14
ENSGMOG00000015566	171
ENSGMOG00000019786	1
ENSGMOG00000011913	1
ENSGMOG00000001606	636
ENSGMOG00000003608	473
ENSGMOG00000020592	6
ENSGMOG00000001933	0
ENSGMOG00000017346	0
ENSGMOG00000014854	11146
ENSGMOG00000014870	0
ENSGMOG00000016181	468
ENSGMOG00000019434	60
ENSGMOG00000000443	62
ENSGMOG00000019728	1061
ENSGMOG00000019343	4
ENSGMOG00000007025	36
ENSGMOG00000015546	56
ENSGMOG00000005224	0
ENSGMOG00000000964	37
ENSGMOG00000013692	12
ENSGMOG00000017854	0
ENSGMOG00000012700	14
ENSGMOG00000008823	0
ENSGMOG00000019866	0
ENSGMOG00000007036	0
ENSGMOG00000003717	0
ENSGMOG00000018690	108
ENSGMOG00000010451	1
ENSGMOG00000015573	9
ENSGMOG00000000122	13
ENSGMOG00000018303	11
ENSGMOG00000013128	16
ENSGMOG00000014432	0
ENSGMOG00000012635	83
ENSGMOG00000018701	1756
ENSGMOG00000021844	1
ENSGMOG00000016064	352
ENSGMOG00000004350	127
ENSGMOG00000020320	0
ENSGMOG00000000295	511
ENSGMOG00000015325	14797
ENSGMOG00000017979	100
ENSGMOG00000015309	1718
ENSGMOG00000018710	159
ENSGMOG00000005889	6
ENSGMOG00000008956	6
ENSGMOG00000006873	324
ENSGMOG00000000782	344
ENSGMOG00000008469	1560
ENSGMOG00000001272	998
ENSGMOG00000012515	21458
ENSGMOG00000009160	201
ENSGMOG00000005516	42
ENSGMOG00000013564	0
ENSGMOG00000011955	1
ENSGMOG00000019736	1
ENSGMOG00000002884	937
ENSGMOG00000019923	160
ENSGMOG00000020749	14
ENSGMOG00000021875	2
ENSGMOG00000011782	279
ENSGMOG00000010073	2679
ENSGMOG00000014462	4
ENSGMOG00000010931	224
ENSGMOG00000019374	25
ENSGMOG00000004062	1
ENSGMOG00000013458	0
ENSGMOG00000001881	572
ENSGMOG00000016264	25499
ENSGMOG00000014420	314
ENSGMOG00000015787	0
ENSGMOG00000007520	1
ENSGMOG00000001767	72
ENSGMOG00000021486	0
ENSGMOG00000013575	252
ENSGMOG00000000466	0
ENSGMOG00000008942	170
ENSGMOG00000002026	151
ENSGMOG00000016654	13375
ENSGMOG00000021165	13
ENSGMOG00000008149	38
ENSGMOG00000002040	291
ENSGMOG00000009078	111
ENSGMOG00000003358	166
ENSGMOG00000021839	0
ENSGMOG00000007230	66
ENSGMOG00000001758	345
ENSGMOG00000006263	0
ENSGMOG00000009753	1086
ENSGMOG00000019912	45
ENSGMOG00000003010	3
ENSGMOG00000008695	5
ENSGMOG00000014654	0
ENSGMOG00000015288	0
ENSGMOG00000013432	20
ENSGMOG00000000767	152
ENSGMOG00000000919	0
ENSGMOG00000007042	3
ENSGMOG00000010668	391
ENSGMOG00000005266	1
ENSGMOG00000016707	0
ENSGMOG00000021345	0
ENSGMOG00000021065	0
ENSGMOG00000010813	0
ENSGMOG00000015636	0
ENSGMOG00000006388	2
ENSGMOG00000005194	0
ENSGMOG00000005597	1347
ENSGMOG00000010056	3
ENSGMOG00000016962	0
ENSGMOG00000007307	101
ENSGMOG00000013591	0
ENSGMOG00000017984	0
ENSGMOG00000011384	550
ENSGMOG00000021130	0
ENSGMOG00000007518	242
ENSGMOG00000017939	75
ENSGMOG00000002992	216
ENSGMOG00000012279	0
ENSGMOG00000012415	43
ENSGMOG00000016808	0
ENSGMOG00000009852	1585
ENSGMOG00000004330	125
ENSGMOG00000020432	1835
ENSGMOG00000018452	66
ENSGMOG00000009393	2377
ENSGMOG00000000749	1
ENSGMOG00000004087	2
ENSGMOG00000021397	198
ENSGMOG00000015512	3
ENSGMOG00000020588	4
ENSGMOG00000016549	18
ENSGMOG00000008852	528
ENSGMOG00000009630	1
ENSGMOG00000018850	140
ENSGMOG00000002302	180
ENSGMOG00000004788	1
ENSGMOG00000003849	143
ENSGMOG00000012816	785
ENSGMOG00000002712	1
ENSGMOG00000000481	155
ENSGMOG00000013177	1745
ENSGMOG00000011179	112
ENSGMOG00000000629	0
ENSGMOG00000015111	29
ENSGMOG00000014481	6
ENSGMOG00000004477	2
ENSGMOG00000016138	25
ENSGMOG00000020339	84
ENSGMOG00000000499	21
ENSGMOG00000020255	9
ENSGMOG00000014196	0
ENSGMOG00000018669	1053
ENSGMOG00000001837	68
ENSGMOG00000009773	1
ENSGMOG00000019790	5316
ENSGMOG00000018545	39
ENSGMOG00000000942	702
ENSGMOG00000008395	227
ENSGMOG00000012631	6
ENSGMOG00000013212	261
ENSGMOG00000014579	3
ENSGMOG00000020265	0
ENSGMOG00000008278	7
ENSGMOG00000008280	0
ENSGMOG00000021922	10
ENSGMOG00000021071	2
ENSGMOG00000021074	10
ENSGMOG00000021061	0
ENSGMOG00000014103	634
ENSGMOG00000008004	51
ENSGMOG00000005575	237
ENSGMOG00000008655	70
ENSGMOG00000013522	584
ENSGMOG00000002083	6
ENSGMOG00000006929	68
ENSGMOG00000017398	0
ENSGMOG00000014686	2617
ENSGMOG00000007402	0
ENSGMOG00000013581	0
ENSGMOG00000007136	64
ENSGMOG00000013735	0
ENSGMOG00000016406	54
ENSGMOG00000021814	0
ENSGMOG00000019244	1893
ENSGMOG00000008592	0
ENSGMOG00000021195	0
ENSGMOG00000019305	75
ENSGMOG00000008013	21
ENSGMOG00000002624	112
ENSGMOG00000019412	295
ENSGMOG00000008914	2018
ENSGMOG00000016810	59
ENSGMOG00000012954	358
ENSGMOG00000011212	220
ENSGMOG00000014422	4
ENSGMOG00000020791	0
ENSGMOG00000016498	212
ENSGMOG00000021062	3
ENSGMOG00000001150	17
ENSGMOG00000014443	26
ENSGMOG00000005696	0
ENSGMOG00000003520	5043
ENSGMOG00000003628	8
ENSGMOG00000020089	2809
ENSGMOG00000017235	95
ENSGMOG00000012678	2239
ENSGMOG00000003937	1125
ENSGMOG00000006323	0
ENSGMOG00000006916	307
ENSGMOG00000016847	0
ENSGMOG00000020373	5
ENSGMOG00000008466	2
ENSGMOG00000016348	201
ENSGMOG00000019819	0
ENSGMOG00000005280	3
ENSGMOG00000008839	3
ENSGMOG00000021551	0
ENSGMOG00000014212	106
ENSGMOG00000002703	233
ENSGMOG00000020290	0
ENSGMOG00000015805	0
ENSGMOG00000008572	313
ENSGMOG00000008459	324
ENSGMOG00000000672	60
ENSGMOG00000016101	0
ENSGMOG00000020064	96
ENSGMOG00000019775	145
ENSGMOG00000005606	4
ENSGMOG00000010644	82
ENSGMOG00000014708	7
ENSGMOG00000007171	0
ENSGMOG00000008561	1
ENSGMOG00000012376	1
ENSGMOG00000008313	3
ENSGMOG00000016753	6
ENSGMOG00000019049	82
ENSGMOG00000019272	92
ENSGMOG00000016057	279
ENSGMOG00000018247	225
ENSGMOG00000019879	3
ENSGMOG00000015679	121
ENSGMOG00000009157	0
ENSGMOG00000020468	0
ENSGMOG00000002511	132
ENSGMOG00000018848	3
ENSGMOG00000016908	0
ENSGMOG00000006478	18
ENSGMOG00000016578	0
ENSGMOG00000004738	5
ENSGMOG00000004750	0
ENSGMOG00000019654	2
ENSGMOG00000020013	0
ENSGMOG00000016723	128
ENSGMOG00000000827	2251
ENSGMOG00000005914	0
ENSGMOG00000010545	0
ENSGMOG00000005859	1
ENSGMOG00000020294	622
ENSGMOG00000011944	262
ENSGMOG00000020658	0
ENSGMOG00000002523	2247
ENSGMOG00000003184	6
ENSGMOG00000011748	50
ENSGMOG00000019894	0
ENSGMOG00000015087	239
ENSGMOG00000012947	0
ENSGMOG00000013268	0
ENSGMOG00000012496	0
ENSGMOG00000001410	1179
ENSGMOG00000015952	271
ENSGMOG00000016086	1
ENSGMOG00000003173	2
ENSGMOG00000009108	115
ENSGMOG00000008244	0
ENSGMOG00000022008	3
ENSGMOG00000002828	6
ENSGMOG00000002533	642
ENSGMOG00000006466	4
ENSGMOG00000012745	0
ENSGMOG00000000620	1
ENSGMOG00000021925	0
ENSGMOG00000008123	0
ENSGMOG00000021475	14
ENSGMOG00000019970	211
ENSGMOG00000019982	0
ENSGMOG00000019251	2
ENSGMOG00000013939	79
ENSGMOG00000013855	48
ENSGMOG00000011164	78
ENSGMOG00000004371	0
ENSGMOG00000019859	32
ENSGMOG00000009529	235
ENSGMOG00000001408	1030
ENSGMOG00000004568	0
ENSGMOG00000006489	3650
ENSGMOG00000000147	21
ENSGMOG00000020521	2
ENSGMOG00000000898	60
ENSGMOG00000012697	6
ENSGMOG00000008832	9
ENSGMOG00000012654	15
ENSGMOG00000012897	7
ENSGMOG00000006032	2
ENSGMOG00000000576	46
ENSGMOG00000010968	610
ENSGMOG00000016085	44
ENSGMOG00000014404	44
ENSGMOG00000020731	0
ENSGMOG00000008240	167
ENSGMOG00000005008	157
ENSGMOG00000009631	0
ENSGMOG00000017806	0
ENSGMOG00000011518	1508
ENSGMOG00000012873	3872
ENSGMOG00000014605	0
ENSGMOG00000016528	83
ENSGMOG00000017860	479
ENSGMOG00000001862	2
ENSGMOG00000013481	10624
ENSGMOG00000009254	0
ENSGMOG00000003645	765
ENSGMOG00000020004	23
ENSGMOG00000012903	1
ENSGMOG00000022060	19
ENSGMOG00000015094	6
ENSGMOG00000012607	23
ENSGMOG00000005372	13
ENSGMOG00000010768	0
ENSGMOG00000004172	112
ENSGMOG00000009377	0
ENSGMOG00000001175	153
ENSGMOG00000009615	1
ENSGMOG00000017957	997
ENSGMOG00000021949	0
ENSGMOG00000014346	258
ENSGMOG00000012226	2
ENSGMOG00000000807	289
ENSGMOG00000000825	0
ENSGMOG00000001954	194
ENSGMOG00000001258	745
ENSGMOG00000007213	0
ENSGMOG00000016677	38
ENSGMOG00000000633	0
ENSGMOG00000009959	11
ENSGMOG00000009970	0
ENSGMOG00000018955	14
ENSGMOG00000008041	278
ENSGMOG00000021947	0
ENSGMOG00000016894	10
ENSGMOG00000002711	112
ENSGMOG00000006842	127
ENSGMOG00000017602	3
ENSGMOG00000016726	114
ENSGMOG00000014488	13
ENSGMOG00000021512	0
ENSGMOG00000020479	5
ENSGMOG00000001843	679
ENSGMOG00000021456	3
ENSGMOG00000020073	14916
ENSGMOG00000009488	206
ENSGMOG00000013690	409
ENSGMOG00000019957	0
ENSGMOG00000003825	41
ENSGMOG00000019247	18196
ENSGMOG00000015852	265
ENSGMOG00000008257	0
ENSGMOG00000018553	190
ENSGMOG00000020544	197
ENSGMOG00000011279	2493
ENSGMOG00000011959	249
ENSGMOG00000021143	18
ENSGMOG00000008421	2
ENSGMOG00000019530	0
ENSGMOG00000020750	0
ENSGMOG00000020954	0
ENSGMOG00000013409	202
ENSGMOG00000014663	29
ENSGMOG00000009097	0
ENSGMOG00000009587	2
ENSGMOG00000006165	7
ENSGMOG00000014634	105
ENSGMOG00000007778	2
ENSGMOG00000009085	1451
ENSGMOG00000015076	73
ENSGMOG00000021534	0
ENSGMOG00000010526	0
ENSGMOG00000020463	27
ENSGMOG00000021552	0
ENSGMOG00000000160	36
ENSGMOG00000009356	2
ENSGMOG00000004861	12
ENSGMOG00000019822	8
ENSGMOG00000021215	0
ENSGMOG00000014128	0
ENSGMOG00000003493	250
ENSGMOG00000001906	0
ENSGMOG00000016513	0
ENSGMOG00000008567	60
ENSGMOG00000000892	0
ENSGMOG00000017367	0
ENSGMOG00000010834	6
ENSGMOG00000015488	5427
ENSGMOG00000008958	29
ENSGMOG00000021459	7
ENSGMOG00000003767	3
ENSGMOG00000002306	4
ENSGMOG00000008791	1
ENSGMOG00000004616	165
ENSGMOG00000005978	11
ENSGMOG00000005245	541
ENSGMOG00000014278	186
ENSGMOG00000010414	45
ENSGMOG00000010079	225
ENSGMOG00000003711	434
ENSGMOG00000019060	0
ENSGMOG00000009321	53
ENSGMOG00000002785	0
ENSGMOG00000010735	7
ENSGMOG00000002908	8470
ENSGMOG00000007915	2
ENSGMOG00000021846	0
ENSGMOG00000016151	0
ENSGMOG00000020764	0
ENSGMOG00000018517	525
ENSGMOG00000008769	224
ENSGMOG00000009252	89
ENSGMOG00000021836	10
ENSGMOG00000020757	68
ENSGMOG00000011405	260
ENSGMOG00000001170	183
ENSGMOG00000003214	521
ENSGMOG00000020274	124
ENSGMOG00000008532	18
ENSGMOG00000014416	0
ENSGMOG00000020007	2
ENSGMOG00000021938	0
ENSGMOG00000017826	2412
ENSGMOG00000001264	544
ENSGMOG00000015916	1954
ENSGMOG00000002122	20
ENSGMOG00000002141	0
ENSGMOG00000016461	28
ENSGMOG00000018436	0
ENSGMOG00000010465	347
ENSGMOG00000009027	0
ENSGMOG00000005134	7
ENSGMOG00000001651	0
ENSGMOG00000014626	39
ENSGMOG00000020105	2
ENSGMOG00000007010	2
ENSGMOG00000014882	0
ENSGMOG00000006024	0
ENSGMOG00000021544	1
ENSGMOG00000022003	7
ENSGMOG00000021789	2
ENSGMOG00000014453	0
ENSGMOG00000001276	8
ENSGMOG00000014619	279
ENSGMOG00000021286	1
ENSGMOG00000013750	3
ENSGMOG00000020462	0
ENSGMOG00000016034	2
ENSGMOG00000003840	19601
ENSGMOG00000019983	7
ENSGMOG00000018534	0
ENSGMOG00000021154	1
ENSGMOG00000021437	2
ENSGMOG00000021932	1
ENSGMOG00000015793	0
ENSGMOG00000020123	133
ENSGMOG00000000792	132
ENSGMOG00000019868	4
ENSGMOG00000020326	197
ENSGMOG00000021723	2
ENSGMOG00000020330	36
ENSGMOG00000016826	0
ENSGMOG00000002907	22
ENSGMOG00000007565	2
ENSGMOG00000001467	16
ENSGMOG00000020306	13
ENSGMOG00000018900	310
ENSGMOG00000009825	39
ENSGMOG00000016144	59
ENSGMOG00000019914	72
ENSGMOG00000003782	2
ENSGMOG00000018006	0
ENSGMOG00000019768	0
ENSGMOG00000009782	12
ENSGMOG00000019700	50
ENSGMOG00000006919	23
ENSGMOG00000020698	146
ENSGMOG00000015995	4
ENSGMOG00000021198	0
ENSGMOG00000014711	0
ENSGMOG00000021594	76
ENSGMOG00000021721	33
ENSGMOG00000006590	407
ENSGMOG00000018859	0
ENSGMOG00000004842	14
ENSGMOG00000021566	0
ENSGMOG00000014069	8
ENSGMOG00000020560	3
ENSGMOG00000005988	7
ENSGMOG00000000671	3127
ENSGMOG00000015245	0
ENSGMOG00000018504	1
ENSGMOG00000010651	4
ENSGMOG00000010953	0
ENSGMOG00000020482	3
ENSGMOG00000001016	412
ENSGMOG00000019240	266
ENSGMOG00000013796	0
ENSGMOG00000016152	2875
ENSGMOG00000020531	4
ENSGMOG00000000938	1
ENSGMOG00000014406	450
ENSGMOG00000020240	0
ENSGMOG00000014512	296
ENSGMOG00000002246	861
ENSGMOG00000002470	556
ENSGMOG00000020389	4
ENSGMOG00000022030	3
ENSGMOG00000010523	0
ENSGMOG00000001111	0
ENSGMOG00000020258	0
ENSGMOG00000021334	0
ENSGMOG00000003534	0
ENSGMOG00000006984	90
ENSGMOG00000008029	2
ENSGMOG00000021546	0
ENSGMOG00000001269	218
ENSGMOG00000020727	9
ENSGMOG00000007798	1419
ENSGMOG00000020400	2
ENSGMOG00000002169	0
ENSGMOG00000002272	1025
ENSGMOG00000003813	2172
ENSGMOG00000007590	90
ENSGMOG00000019830	15
ENSGMOG00000019921	5
ENSGMOG00000017369	40194
ENSGMOG00000020779	3
ENSGMOG00000021658	0
ENSGMOG00000008161	165
ENSGMOG00000006037	79
ENSGMOG00000004224	1
ENSGMOG00000018982	129
ENSGMOG00000007570	0
ENSGMOG00000021903	0
ENSGMOG00000020948	14
ENSGMOG00000015281	0
ENSGMOG00000020605	0
ENSGMOG00000000294	0
ENSGMOG00000018196	126
ENSGMOG00000005709	2003
ENSGMOG00000021787	0
ENSGMOG00000007661	0
ENSGMOG00000001152	0
ENSGMOG00000016147	0
ENSGMOG00000019426	27
ENSGMOG00000005955	56
ENSGMOG00000021098	2
ENSGMOG00000009638	189
ENSGMOG00000020115	0
ENSGMOG00000003954	0
ENSGMOG00000019946	0
ENSGMOG00000000276	15
ENSGMOG00000021501	2
ENSGMOG00000015746	131
ENSGMOG00000021845	4
ENSGMOG00000022073	0
ENSGMOG00000020342	373
ENSGMOG00000014442	407
ENSGMOG00000000455	1
ENSGMOG00000019757	258
ENSGMOG00000008128	0
ENSGMOG00000022099	0
ENSGMOG00000022080	5
ENSGMOG00000021521	15
ENSGMOG00000001133	414
ENSGMOG00000017771	224
ENSGMOG00000005356	14
ENSGMOG00000021999	0
ENSGMOG00000015769	438
ENSGMOG00000010177	16
ENSGMOG00000016171	61
ENSGMOG00000011252	213
ENSGMOG00000021004	0
ENSGMOG00000019842	82
ENSGMOG00000020296	20
ENSGMOG00000021873	0
ENSGMOG00000006561	13
ENSGMOG00000021067	28
ENSGMOG00000022130	18
ENSGMOG00000007207	0
ENSGMOG00000021956	2
ENSGMOG00000005717	87
ENSGMOG00000021402	65
ENSGMOG00000014783	2
ENSGMOG00000020771	9
ENSGMOG00000021504	0
ENSGMOG00000021140	0
ENSGMOG00000021784	9
ENSGMOG00000020853	0
ENSGMOG00000019769	0
ENSGMOG00000021934	0
ENSGMOG00000020738	0
ENSGMOG00000021852	2
ENSGMOG00000005470	1
ENSGMOG00000020682	6
ENSGMOG00000021659	25
ENSGMOG00000019968	20
ENSGMOG00000018379	0
ENSGMOG00000021687	443
ENSGMOG00000001159	20
ENSGMOG00000009569	90
ENSGMOG00000021076	0
ENSGMOG00000021963	0
ENSGMOG00000020826	3
ENSGMOG00000020747	7
ENSGMOG00000005510	0
ENSGMOG00000019949	4
ENSGMOG00000016516	0
ENSGMOG00000021375	0
ENSGMOG00000021633	0
ENSGMOG00000013187	1
ENSGMOG00000019831	18
ENSGMOG00000019701	0
ENSGMOG00000021115	0
ENSGMOG00000021111	0
ENSGMOG00000009911	82
ENSGMOG00000020694	0
ENSGMOG00000007985	3
ENSGMOG00000016979	173
ENSGMOG00000021107	0
ENSGMOG00000019598	0
ENSGMOG00000000498	10
ENSGMOG00000015794	333
ENSGMOG00000007749	615
ENSGMOG00000019814	94
ENSGMOG00000009608	2
ENSGMOG00000022034	0
ENSGMOG00000017963	73
ENSGMOG00000006383	149
ENSGMOG00000012146	76
ENSGMOG00000016124	34
ENSGMOG00000021232	0
ENSGMOG00000016095	0
ENSGMOG00000012633	0
ENSGMOG00000008974	110
ENSGMOG00000010640	0
ENSGMOG00000020912	0
ENSGMOG00000018548	1
ENSGMOG00000008126	0
ENSGMOG00000020238	2
ENSGMOG00000008698	3
ENSGMOG00000014575	99
ENSGMOG00000020145	112
ENSGMOG00000019707	0
ENSGMOG00000004209	63
ENSGMOG00000015642	22
ENSGMOG00000020553	62
ENSGMOG00000015779	26
ENSGMOG00000021965	3
ENSGMOG00000009507	60
ENSGMOG00000021543	0
ENSGMOG00000020910	0
ENSGMOG00000019236	4
ENSGMOG00000019988	0
ENSGMOG00000022091	0
ENSGMOG00000002259	0
ENSGMOG00000021709	1
ENSGMOG00000013795	0
ENSGMOG00000020254	2
ENSGMOG00000021811	0
ENSGMOG00000022059	0
ENSGMOG00000021927	0
ENSGMOG00000021038	0
ENSGMOG00000021368	0
ENSGMOG00000021585	205
ENSGMOG00000016819	0
ENSGMOG00000004721	0
ENSGMOG00000007142	209
ENSGMOG00000021514	0
ENSGMOG00000014207	0
ENSGMOG00000020741	1735
ENSGMOG00000020711	1
ENSGMOG00000019295	33
ENSGMOG00000021738	0
ENSGMOG00000005370	3
ENSGMOG00000019882	49
ENSGMOG00000020443	21
ENSGMOG00000013817	342
ENSGMOG00000021480	0
ENSGMOG00000021001	0
ENSGMOG00000020083	0
ENSGMOG00000009734	745
ENSGMOG00000020086	0
ENSGMOG00000005304	367
ENSGMOG00000020006	0
ENSGMOG00000021034	0
ENSGMOG00000022128	0
ENSGMOG00000022129	0
ENSGMOG00000006324	76
ENSGMOG00000020559	153
ENSGMOG00000021058	8
ENSGMOG00000001098	11
ENSGMOG00000020321	2
ENSGMOG00000020375	0
ENSGMOG00000003125	0
ENSGMOG00000014617	0
ENSGMOG00000020665	0
ENSGMOG00000017943	1
ENSGMOG00000017445	2
ENSGMOG00000010537	11
ENSGMOG00000021424	0
ENSGMOG00000020796	0
ENSGMOG00000020897	0
ENSGMOG00000021625	0
ENSGMOG00000021218	0
ENSGMOG00000019717	66
ENSGMOG00000004600	126
ENSGMOG00000022114	0
ENSGMOG00000000655	0
ENSGMOG00000011387	43
ENSGMOG00000015894	1
ENSGMOG00000021860	0
ENSGMOG00000000245	15
ENSGMOG00000020841	0
ENSGMOG00000020121	30
ENSGMOG00000019758	3
ENSGMOG00000013058	0
ENSGMOG00000022065	3
ENSGMOG00000021419	17
ENSGMOG00000021864	0
ENSGMOG00000001950	1404
ENSGMOG00000021579	0
ENSGMOG00000016109	64
ENSGMOG00000019845	0
ENSGMOG00000020229	1
ENSGMOG00000003792	112
ENSGMOG00000006614	0
ENSGMOG00000020178	0
ENSGMOG00000019409	145
ENSGMOG00000015105	0
ENSGMOG00000014208	2
ENSGMOG00000006536	45
ENSGMOG00000007070	0
ENSGMOG00000014817	100
ENSGMOG00000020402	45
ENSGMOG00000020867	0
ENSGMOG00000007180	0
ENSGMOG00000021371	9
ENSGMOG00000006938	0
ENSGMOG00000021013	9
ENSGMOG00000021083	0
ENSGMOG00000021436	3
ENSGMOG00000019824	0
ENSGMOG00000020718	0
ENSGMOG00000021706	1
ENSGMOG00000020582	89
ENSGMOG00000020730	0
ENSGMOG00000009650	200
ENSGMOG00000009658	0
ENSGMOG00000000456	42
ENSGMOG00000021895	0
ENSGMOG00000021060	70
ENSGMOG00000020745	0
ENSGMOG00000020401	74
ENSGMOG00000020962	0
ENSGMOG00000005425	2
ENSGMOG00000021641	0
ENSGMOG00000021941	1
ENSGMOG00000021108	0
ENSGMOG00000004840	1
ENSGMOG00000020497	12
ENSGMOG00000009743	35
ENSGMOG00000021518	0
ENSGMOG00000021236	0
ENSGMOG00000021643	0
ENSGMOG00000021337	4
ENSGMOG00000021417	0
ENSGMOG00000013232	6
ENSGMOG00000017238	243
ENSGMOG00000003870	3
ENSGMOG00000021586	0
ENSGMOG00000011199	0
ENSGMOG00000020028	263
ENSGMOG00000022154	0
ENSGMOG00000020102	0
ENSGMOG00000021078	0
ENSGMOG00000010660	5
ENSGMOG00000021638	0
ENSGMOG00000020662	0
ENSGMOG00000020591	6
ENSGMOG00000020143	479
ENSGMOG00000019931	10
ENSGMOG00000021026	2
ENSGMOG00000021631	3
ENSGMOG00000021511	2
ENSGMOG00000020151	1016
ENSGMOG00000004420	4
ENSGMOG00000009199	0
ENSGMOG00000020554	1
ENSGMOG00000021502	3
ENSGMOG00000016531	81
ENSGMOG00000021316	2
ENSGMOG00000014065	4458
ENSGMOG00000019973	44
ENSGMOG00000020675	0
ENSGMOG00000021466	0
ENSGMOG00000020397	95
ENSGMOG00000010922	81
ENSGMOG00000022047	0
ENSGMOG00000018193	0
ENSGMOG00000019892	168
ENSGMOG00000021310	55
ENSGMOG00000015444	1040
ENSGMOG00000021048	0
ENSGMOG00000020336	237
ENSGMOG00000001921	20
ENSGMOG00000005637	0
ENSGMOG00000020942	0
ENSGMOG00000021853	0
ENSGMOG00000020947	0
ENSGMOG00000012102	15
ENSGMOG00000009150	0
ENSGMOG00000022071	0
ENSGMOG00000019839	172
ENSGMOG00000000468	0
ENSGMOG00000021816	6
ENSGMOG00000021483	0
ENSGMOG00000021775	0
ENSGMOG00000003890	3
ENSGMOG00000014995	0
ENSGMOG00000020533	1
ENSGMOG00000021270	0
ENSGMOG00000020419	45
ENSGMOG00000020551	77
ENSGMOG00000021159	0
ENSGMOG00000021604	0
ENSGMOG00000020587	42
ENSGMOG00000020918	0
ENSGMOG00000020337	63
ENSGMOG00000020263	458
ENSGMOG00000012736	2
ENSGMOG00000021986	0
ENSGMOG00000021773	0
ENSGMOG00000020019	0
ENSGMOG00000003258	675
ENSGMOG00000021319	10
ENSGMOG00000020881	4
ENSGMOG00000021577	0
ENSGMOG00000021450	0
ENSGMOG00000010643	473
ENSGMOG00000000762	0
ENSGMOG00000020369	1
ENSGMOG00000019765	0
ENSGMOG00000017308	7
ENSGMOG00000014891	0
ENSGMOG00000019744	0
ENSGMOG00000022026	0
ENSGMOG00000020619	0
ENSGMOG00000022004	0
ENSGMOG00000000634	38
ENSGMOG00000007662	16
ENSGMOG00000020076	422
ENSGMOG00000020183	0
ENSGMOG00000021911	0
ENSGMOG00000020583	105
ENSGMOG00000020722	4
ENSGMOG00000003220	48
ENSGMOG00000020611	112
ENSGMOG00000021515	0
ENSGMOG00000021197	0
ENSGMOG00000021617	0
ENSGMOG00000021467	0
ENSGMOG00000021296	0
ENSGMOG00000021623	26
ENSGMOG00000021850	0
ENSGMOG00000020208	327
ENSGMOG00000015630	2
ENSGMOG00000020650	0
ENSGMOG00000020836	1
ENSGMOG00000021708	0
ENSGMOG00000019699	3
ENSGMOG00000019432	0
ENSGMOG00000020850	0
ENSGMOG00000013658	24
ENSGMOG00000021217	0
ENSGMOG00000020931	0
ENSGMOG00000021347	0
ENSGMOG00000021114	0
ENSGMOG00000020793	10
ENSGMOG00000021651	0
ENSGMOG00000021807	2
ENSGMOG00000020428	2
ENSGMOG00000016359	2
ENSGMOG00000020230	8
ENSGMOG00000020670	0
ENSGMOG00000020288	1
ENSGMOG00000020536	34
ENSGMOG00000020915	0
ENSGMOG00000020950	0
ENSGMOG00000020040	0
ENSGMOG00000021122	0
ENSGMOG00000021210	0
ENSGMOG00000021374	0
ENSGMOG00000020035	1
ENSGMOG00000020733	0
ENSGMOG00000021656	0
ENSGMOG00000021209	3
ENSGMOG00000021117	2
ENSGMOG00000019975	23
ENSGMOG00000012680	4
ENSGMOG00000019992	172
ENSGMOG00000021639	0
ENSGMOG00000022018	0
ENSGMOG00000021103	0
ENSGMOG00000021389	0
ENSGMOG00000021227	3
ENSGMOG00000019804	1
ENSGMOG00000009294	0
ENSGMOG00000010253	12
ENSGMOG00000019871	0
ENSGMOG00000020150	504
ENSGMOG00000021851	0
ENSGMOG00000020179	33
ENSGMOG00000005378	1
ENSGMOG00000013291	0
ENSGMOG00000021781	0
ENSGMOG00000017417	0
ENSGMOG00000020863	0
ENSGMOG00000021715	0
ENSGMOG00000020983	1
ENSGMOG00000021491	0
ENSGMOG00000021303	0
ENSGMOG00000022133	0
ENSGMOG00000021755	0
ENSGMOG00000021106	0
ENSGMOG00000020842	0
ENSGMOG00000021765	264
ENSGMOG00000020409	1
ENSGMOG00000020690	0
ENSGMOG00000022011	0
ENSGMOG00000019928	66
ENSGMOG00000020703	0
ENSGMOG00000021495	0
ENSGMOG00000000909	125
ENSGMOG00000001500	67
ENSGMOG00000020395	5
ENSGMOG00000021619	0
ENSGMOG00000009562	36
ENSGMOG00000021212	133
ENSGMOG00000000102	1
ENSGMOG00000021222	7
ENSGMOG00000020502	0
ENSGMOG00000021561	0
ENSGMOG00000021783	0
ENSGMOG00000020166	630
ENSGMOG00000020185	224
ENSGMOG00000020417	0
ENSGMOG00000021794	0
ENSGMOG00000021529	0
ENSGMOG00000021300	0
ENSGMOG00000020545	1
ENSGMOG00000015888	303
ENSGMOG00000013445	10
ENSGMOG00000000170	19
ENSGMOG00000021584	0
ENSGMOG00000021726	0
ENSGMOG00000021497	0
ENSGMOG00000020824	0
ENSGMOG00000020868	0
ENSGMOG00000020672	0
ENSGMOG00000020939	0
ENSGMOG00000021813	0
ENSGMOG00000013472	3
ENSGMOG00000021517	3
ENSGMOG00000021538	0
ENSGMOG00000020334	0
ENSGMOG00000021750	6
ENSGMOG00000021184	0
ENSGMOG00000021112	0
ENSGMOG00000002194	0
ENSGMOG00000013790	0
ENSGMOG00000022109	0
ENSGMOG00000021946	0
ENSGMOG00000021244	0
ENSGMOG00000009793	0
ENSGMOG00000016877	86
ENSGMOG00000021823	2
ENSGMOG00000020808	0
ENSGMOG00000014392	1
ENSGMOG00000021624	0
ENSGMOG00000020858	0
ENSGMOG00000020894	0
ENSGMOG00000021580	0
ENSGMOG00000020252	1
ENSGMOG00000020714	0
ENSGMOG00000021921	0
ENSGMOG00000021247	0
ENSGMOG00000021166	0
ENSGMOG00000009733	5
ENSGMOG00000021152	0
ENSGMOG00000021906	0
ENSGMOG00000020133	18
ENSGMOG00000022139	0
ENSGMOG00000020625	0
ENSGMOG00000021819	0
ENSGMOG00000010064	3
ENSGMOG00000000490	0
ENSGMOG00000008104	0
ENSGMOG00000021287	0
ENSGMOG00000021482	0
ENSGMOG00000017441	21
ENSGMOG00000020211	142
ENSGMOG00000020917	1
ENSGMOG00000009913	0
ENSGMOG00000021158	0
ENSGMOG00000008154	0
ENSGMOG00000014143	113
ENSGMOG00000021897	1
ENSGMOG00000021012	41
ENSGMOG00000017607	217
ENSGMOG00000021178	0
ENSGMOG00000020849	0
ENSGMOG00000020335	112
ENSGMOG00000021678	0
ENSGMOG00000021404	0
ENSGMOG00000019981	5
ENSGMOG00000020822	0
ENSGMOG00000012743	5
ENSGMOG00000021663	0
ENSGMOG00000021075	0
ENSGMOG00000021596	0
ENSGMOG00000021776	0
ENSGMOG00000022087	0
ENSGMOG00000020814	0
ENSGMOG00000022035	0
ENSGMOG00000021693	0
ENSGMOG00000020994	0
ENSGMOG00000021454	0
ENSGMOG00000020371	0
ENSGMOG00000020101	13
ENSGMOG00000020920	0
ENSGMOG00000022135	0
ENSGMOG00000021612	0
ENSGMOG00000000336	6
ENSGMOG00000021711	0
ENSGMOG00000020914	0
ENSGMOG00000005854	0
ENSGMOG00000019890	0
ENSGMOG00000000398	0
ENSGMOG00000021380	0
ENSGMOG00000020887	0
ENSGMOG00000021674	0
ENSGMOG00000022090	0
ENSGMOG00000021471	0
ENSGMOG00000011431	2
ENSGMOG00000021278	0
ENSGMOG00000021150	0
ENSGMOG00000021142	0
ENSGMOG00000020655	0
ENSGMOG00000021920	0
ENSGMOG00000020767	0
ENSGMOG00000021601	0
ENSGMOG00000021346	8
ENSGMOG00000021266	0
ENSGMOG00000020785	0
ENSGMOG00000000382	997
ENSGMOG00000004141	0
ENSGMOG00000021835	0
ENSGMOG00000021188	0
ENSGMOG00000020210	6
ENSGMOG00000007078	3
ENSGMOG00000020857	0
ENSGMOG00000022145	0
ENSGMOG00000022144	0
ENSGMOG00000020800	0
ENSGMOG00000008511	19
ENSGMOG00000020828	0
ENSGMOG00000022020	0
ENSGMOG00000019861	50
ENSGMOG00000010776	44
ENSGMOG00000021267	0
ENSGMOG00000020807	2
ENSGMOG00000020864	0
ENSGMOG00000021350	0
ENSGMOG00000021243	2
ENSGMOG00000020362	62
ENSGMOG00000021539	0
ENSGMOG00000021361	0
ENSGMOG00000021747	13
ENSGMOG00000021829	0
ENSGMOG00000020719	0
ENSGMOG00000021091	0
ENSGMOG00000021207	0
ENSGMOG00000020949	0
ENSGMOG00000000797	8
ENSGMOG00000021050	0
ENSGMOG00000021241	0
ENSGMOG00000020890	0
ENSGMOG00000022098	0
ENSGMOG00000020343	1661
ENSGMOG00000020813	0
ENSGMOG00000021800	0
ENSGMOG00000021447	4412
ENSGMOG00000021821	0
ENSGMOG00000013929	0
ENSGMOG00000021598	0
ENSGMOG00000020787	0
ENSGMOG00000014574	4
ENSGMOG00000020900	0
ENSGMOG00000021269	0
ENSGMOG00000021349	0
ENSGMOG00000020481	0
ENSGMOG00000021104	0
ENSGMOG00000019750	0
ENSGMOG00000021064	0
ENSGMOG00000021591	0
ENSGMOG00000022152	0
ENSGMOG00000021469	0
ENSGMOG00000020753	0
ENSGMOG00000020689	0
ENSGMOG00000020032	28
ENSGMOG00000021801	0
ENSGMOG00000020487	0
ENSGMOG00000022111	0
ENSGMOG00000016401	28
ENSGMOG00000020884	0
ENSGMOG00000021618	0
ENSGMOG00000020495	0
ENSGMOG00000019998	11
ENSGMOG00000019962	0
ENSGMOG00000020744	0
ENSGMOG00000021317	0
ENSGMOG00000020287	145
ENSGMOG00000020679	0
ENSGMOG00000009738	0
ENSGMOG00000000031	0
ENSGMOG00000020647	0
ENSGMOG00000021843	0
ENSGMOG00000021102	0
ENSGMOG00000020809	0
ENSGMOG00000020691	0
ENSGMOG00000022050	12
ENSGMOG00000015008	107
ENSGMOG00000021900	0
ENSGMOG00000019354	9
ENSGMOG00000021607	0
ENSGMOG00000021490	0
ENSGMOG00000021378	0
ENSGMOG00000022138	3
ENSGMOG00000020772	0
ENSGMOG00000021731	0
ENSGMOG00000020876	0
ENSGMOG00000020832	0
ENSGMOG00000021213	0
ENSGMOG00000019772	0
ENSGMOG00000022024	0
ENSGMOG00000021280	0
ENSGMOG00000021049	0
ENSGMOG00000022007	0
ENSGMOG00000020634	0
ENSGMOG00000020645	0
ENSGMOG00000020990	0
ENSGMOG00000020831	0
ENSGMOG00000020953	0
ENSGMOG00000020985	0
ENSGMOG00000019935	0
ENSGMOG00000021683	0
ENSGMOG00000022151	0
ENSGMOG00000020175	193
ENSGMOG00000021308	0
ENSGMOG00000020387	0
ENSGMOG00000021555	0
ENSGMOG00000020926	0
ENSGMOG00000021734	0
ENSGMOG00000021727	0
ENSGMOG00000020699	0
ENSGMOG00000021841	0
ENSGMOG00000021127	0
ENSGMOG00000021072	0
ENSGMOG00000020735	0
ENSGMOG00000021648	0
ENSGMOG00000020549	43
ENSGMOG00000021996	0
ENSGMOG00000020636	0
ENSGMOG00000020778	0
ENSGMOG00000021622	2881
ENSGMOG00000021214	0
ENSGMOG00000020623	0
ENSGMOG00000021206	0
ENSGMOG00000021094	0
ENSGMOG00000020541	253
ENSGMOG00000022051	0
ENSGMOG00000020892	0
ENSGMOG00000011936	48
ENSGMOG00000021240	0
ENSGMOG00000021355	0
ENSGMOG00000020088	48
ENSGMOG00000020685	0
ENSGMOG00000021799	0
ENSGMOG00000021416	1
ENSGMOG00000020879	0
ENSGMOG00000022126	0
ENSGMOG00000021314	0
ENSGMOG00000022149	0
ENSGMOG00000020555	7
ENSGMOG00000021806	0
ENSGMOG00000021461	0
ENSGMOG00000019729	667
ENSGMOG00000021614	0
ENSGMOG00000021971	2
ENSGMOG00000020693	0
ENSGMOG00000019792	1
ENSGMOG00000021964	0
ENSGMOG00000020701	0
ENSGMOG00000002897	0
ENSGMOG00000020648	0
ENSGMOG00000021086	0
ENSGMOG00000022122	0
ENSGMOG00000021859	0
ENSGMOG00000021541	0
ENSGMOG00000021509	0
ENSGMOG00000020967	0
ENSGMOG00000022137	0
ENSGMOG00000021245	0
ENSGMOG00000021225	0
ENSGMOG00000021230	0
ENSGMOG00000021002	2962
ENSGMOG00000021597	0
ENSGMOG00000021148	3
ENSGMOG00000022012	0
ENSGMOG00000020074	0
ENSGMOG00000021463	7
ENSGMOG00000002831	0
ENSGMOG00000022150	0
ENSGMOG00000021348	0
ENSGMOG00000021817	0
ENSGMOG00000005479	0
ENSGMOG00000021990	0
ENSGMOG00000021901	0
ENSGMOG00000021609	0
ENSGMOG00000018650	54
ENSGMOG00000022083	1
ENSGMOG00000020618	0
ENSGMOG00000020122	0
ENSGMOG00000020907	0
ENSGMOG00000020223	0
ENSGMOG00000020385	0
ENSGMOG00000020370	701
ENSGMOG00000020919	0
ENSGMOG00000021137	0
ENSGMOG00000020916	0
ENSGMOG00000021751	3
ENSGMOG00000020839	13
ENSGMOG00000021007	0
ENSGMOG00000020207	1
ENSGMOG00000021889	0
ENSGMOG00000021660	0
ENSGMOG00000019961	90
ENSGMOG00000020652	0
ENSGMOG00000019980	882
ENSGMOG00000022124	0
ENSGMOG00000020630	0
ENSGMOG00000021018	0
ENSGMOG00000017639	4
ENSGMOG00000020754	0
ENSGMOG00000021340	0
ENSGMOG00000021006	0
ENSGMOG00000022074	0
ENSGMOG00000020408	7
ENSGMOG00000020902	0
ENSGMOG00000019952	53
ENSGMOG00000021443	9
ENSGMOG00000020782	0
ENSGMOG00000021318	0
ENSGMOG00000020935	0
ENSGMOG00000022075	0
ENSGMOG00000021205	40609
ENSGMOG00000021077	0
ENSGMOG00000021366	0
ENSGMOG00000021252	0
ENSGMOG00000021272	0
ENSGMOG00000021583	0
ENSGMOG00000021056	0
ENSGMOG00000020686	0
ENSGMOG00000021506	0
ENSGMOG00000021489	0
ENSGMOG00000021359	1
ENSGMOG00000021261	0
ENSGMOG00000020498	73
ENSGMOG00000021163	0
ENSGMOG00000019795	6
ENSGMOG00000021712	0
ENSGMOG00000001420	5
ENSGMOG00000021786	0
ENSGMOG00000019920	23
ENSGMOG00000022104	0
ENSGMOG00000021818	0
ENSGMOG00000021385	0
ENSGMOG00000020003	0
ENSGMOG00000000907	8
ENSGMOG00000020664	0
ENSGMOG00000020823	0
ENSGMOG00000021138	0
ENSGMOG00000021328	0
ENSGMOG00000021984	0
ENSGMOG00000020697	14
ENSGMOG00000022069	0
ENSGMOG00000020660	0
ENSGMOG00000019749	6
ENSGMOG00000019966	0
ENSGMOG00000020736	0
ENSGMOG00000020168	26
ENSGMOG00000021968	0
ENSGMOG00000021837	0
ENSGMOG00000021053	0
ENSGMOG00000021707	0
ENSGMOG00000021804	0
ENSGMOG00000021907	0
ENSGMOG00000020314	3
ENSGMOG00000020784	0
ENSGMOG00000021123	0
ENSGMOG00000022116	0
ENSGMOG00000021886	0
ENSGMOG00000021671	0
ENSGMOG00000021929	0
ENSGMOG00000021271	0
ENSGMOG00000021219	0
ENSGMOG00000021513	0
ENSGMOG00000022044	0
ENSGMOG00000021590	0
ENSGMOG00000021041	0
ENSGMOG00000022009	0
ENSGMOG00000021729	0
ENSGMOG00000021414	30275
ENSGMOG00000021931	0
ENSGMOG00000021113	0
ENSGMOG00000020215	86
ENSGMOG00000020834	0
ENSGMOG00000021413	0
ENSGMOG00000001146	977
ENSGMOG00000021572	0
ENSGMOG00000021809	0
ENSGMOG00000021101	0
ENSGMOG00000020680	0
ENSGMOG00000021951	7651
ENSGMOG00000020878	0
ENSGMOG00000020164	0
ENSGMOG00000020165	1
ENSGMOG00000021364	0
ENSGMOG00000021739	0
ENSGMOG00000022042	0
ENSGMOG00000020958	0
ENSGMOG00000019841	83
ENSGMOG00000021249	0
ENSGMOG00000020162	954
ENSGMOG00000021983	0
ENSGMOG00000021753	0
ENSGMOG00000021798	0
ENSGMOG00000021974	0
ENSGMOG00000020261	49
ENSGMOG00000006400	1
ENSGMOG00000021179	0
ENSGMOG00000021792	0
ENSGMOG00000021980	0
ENSGMOG00000020642	0
ENSGMOG00000021554	0
ENSGMOG00000021330	0
ENSGMOG00000021854	0
ENSGMOG00000021954	0
ENSGMOG00000022028	0
ENSGMOG00000021254	0
ENSGMOG00000021096	0
ENSGMOG00000021398	0
ENSGMOG00000020257	29
ENSGMOG00000020965	0
ENSGMOG00000021700	0
ENSGMOG00000020106	0
ENSGMOG00000021162	0
ENSGMOG00000021260	0
ENSGMOG00000021910	0
ENSGMOG00000021139	0
ENSGMOG00000021373	0
ENSGMOG00000020715	0
ENSGMOG00000020653	0
ENSGMOG00000020977	0
ENSGMOG00000010001	22
ENSGMOG00000021742	0
ENSGMOG00000021785	0
ENSGMOG00000020656	0
ENSGMOG00000021465	0
ENSGMOG00000020952	0
ENSGMOG00000020987	0
ENSGMOG00000020762	0
ENSGMOG00000019838	0
ENSGMOG00000021451	0
ENSGMOG00000020674	0
ENSGMOG00000021381	0
ENSGMOG00000021628	0
ENSGMOG00000020992	0
ENSGMOG00000021993	0
ENSGMOG00000020752	0
ENSGMOG00000020825	0
ENSGMOG00000020758	0
ENSGMOG00000022120	0
ENSGMOG00000022110	0
ENSGMOG00000022046	0
ENSGMOG00000021553	0
ENSGMOG00000022146	1
ENSGMOG00000021028	0
ENSGMOG00000021507	0
ENSGMOG00000021262	0
ENSGMOG00000021129	0
ENSGMOG00000021281	0
ENSGMOG00000021627	0
ENSGMOG00000021294	0
ENSGMOG00000021422	0
ENSGMOG00000021170	0
ENSGMOG00000021967	0
ENSGMOG00000021460	0
ENSGMOG00000022121	1
ENSGMOG00000020893	0
ENSGMOG00000020695	0
ENSGMOG00000021603	0
ENSGMOG00000021035	0
ENSGMOG00000021393	0
ENSGMOG00000020869	0
ENSGMOG00000021917	0
ENSGMOG00000020909	0
ENSGMOG00000021503	0
ENSGMOG00000021479	0
ENSGMOG00000021430	0
ENSGMOG00000021059	0
ENSGMOG00000021167	0
ENSGMOG00000022027	0
ENSGMOG00000021573	3
ENSGMOG00000021918	0
ENSGMOG00000021606	0
ENSGMOG00000021670	2
ENSGMOG00000020759	0
ENSGMOG00000021862	0
ENSGMOG00000020968	0
ENSGMOG00000021872	0
ENSGMOG00000021576	0
ENSGMOG00000021793	0
ENSGMOG00000021869	0
ENSGMOG00000021172	0
ENSGMOG00000021995	0
ENSGMOG00000021985	0
ENSGMOG00000020929	0
ENSGMOG00000021008	0
ENSGMOG00000020622	0
ENSGMOG00000020959	0
ENSGMOG00000021221	0
ENSGMOG00000020638	0
ENSGMOG00000020964	0
ENSGMOG00000020620	0
ENSGMOG00000020706	0
ENSGMOG00000022062	0
ENSGMOG00000021306	0
ENSGMOG00000020975	0
ENSGMOG00000009920	0
ENSGMOG00000020924	0
ENSGMOG00000021121	0
ENSGMOG00000021033	0
ENSGMOG00000021470	0
ENSGMOG00000021536	0
ENSGMOG00000020763	0
ENSGMOG00000021448	0
ENSGMOG00000022092	0
ENSGMOG00000021797	0
ENSGMOG00000020802	0
ENSGMOG00000020843	0
ENSGMOG00000021893	0
ENSGMOG00000021220	0
ENSGMOG00000021279	0
ENSGMOG00000021051	0
ENSGMOG00000021977	0
ENSGMOG00000020999	0
ENSGMOG00000021105	0
ENSGMOG00000021321	1
ENSGMOG00000020681	1
ENSGMOG00000021650	0
ENSGMOG00000020963	0
ENSGMOG00000021473	0
ENSGMOG00000021705	0
ENSGMOG00000021224	3
ENSGMOG00000022070	0
ENSGMOG00000020877	0
ENSGMOG00000021902	14
ENSGMOG00000021961	0
ENSGMOG00000021815	0
ENSGMOG00000021615	1
ENSGMOG00000021531	0
ENSGMOG00000021426	0
ENSGMOG00000020641	0
ENSGMOG00000020644	0
ENSGMOG00000021812	0
ENSGMOG00000021549	0
ENSGMOG00000021527	0
ENSGMOG00000020955	0
ENSGMOG00000020945	0
ENSGMOG00000020922	1
ENSGMOG00000020702	0
ENSGMOG00000022064	0
ENSGMOG00000021587	0
ENSGMOG00000022032	0
ENSGMOG00000020707	0
ENSGMOG00000021425	0
ENSGMOG00000021913	0
ENSGMOG00000022056	0
ENSGMOG00000021132	0
ENSGMOG00000021146	0
ENSGMOG00000021565	0
ENSGMOG00000021176	0
ENSGMOG00000021283	3
ENSGMOG00000021231	0
ENSGMOG00000021312	0
ENSGMOG00000021915	0
ENSGMOG00000021831	0
ENSGMOG00000021257	0
ENSGMOG00000021160	0
ENSGMOG00000021523	0
ENSGMOG00000021100	0
ENSGMOG00000021699	0
ENSGMOG00000021342	0
ENSGMOG00000022117	0
ENSGMOG00000021752	0
ENSGMOG00000021277	0
ENSGMOG00000020666	0
ENSGMOG00000021441	0
ENSGMOG00000020773	0
ENSGMOG00000021478	0
ENSGMOG00000021014	0
ENSGMOG00000021370	0
ENSGMOG00000021250	0
ENSGMOG00000021688	0
ENSGMOG00000021935	0
ENSGMOG00000021944	0
ENSGMOG00000021173	0
ENSGMOG00000020677	0
ENSGMOG00000021246	0
ENSGMOG00000021560	0
ENSGMOG00000021410	0
ENSGMOG00000021770	0
ENSGMOG00000020951	0
ENSGMOG00000021955	0
ENSGMOG00000021438	0
ENSGMOG00000022089	0
ENSGMOG00000020794	0
ENSGMOG00000020938	0
ENSGMOG00000021079	0
ENSGMOG00000022084	1
ENSGMOG00000021326	0
ENSGMOG00000021847	0
ENSGMOG00000021767	0
ENSGMOG00000021805	0
ENSGMOG00000021485	2
ENSGMOG00000021037	0
ENSGMOG00000022061	0
ENSGMOG00000021685	0
ENSGMOG00000020997	0
ENSGMOG00000021782	0
ENSGMOG00000022014	0
ENSGMOG00000020933	0
ENSGMOG00000021295	0
ENSGMOG00000021020	3753
ENSGMOG00000021472	0
ENSGMOG00000021494	0
ENSGMOG00000022054	0
ENSGMOG00000021435	0
ENSGMOG00000021952	0
ENSGMOG00000020969	0
ENSGMOG00000021344	0
ENSGMOG00000022119	0
ENSGMOG00000021360	0
ENSGMOG00000021988	0
ENSGMOG00000021406	0
ENSGMOG00000020626	0
ENSGMOG00000021452	0
ENSGMOG00000022131	0
ENSGMOG00000020976	0
ENSGMOG00000021343	0
ENSGMOG00000022015	0
ENSGMOG00000020984	0
ENSGMOG00000020783	0
ENSGMOG00000021808	1
ENSGMOG00000020724	0
ENSGMOG00000020906	0
ENSGMOG00000020673	0
ENSGMOG00000020786	0
ENSGMOG00000021756	0
ENSGMOG00000022085	0
ENSGMOG00000021253	0
ENSGMOG00000021704	0
ENSGMOG00000021978	0
ENSGMOG00000021174	0
ENSGMOG00000020861	0
ENSGMOG00000021637	0
ENSGMOG00000021578	0
ENSGMOG00000021526	0
ENSGMOG00000020817	0
ENSGMOG00000021000	0
ENSGMOG00000021777	0
ENSGMOG00000020721	0
ENSGMOG00000020720	0
ENSGMOG00000020726	0
ENSGMOG00000022107	0
ENSGMOG00000021329	0
ENSGMOG00000022002	3
ENSGMOG00000020812	0
ENSGMOG00000021691	0
ENSGMOG00000021223	0
ENSGMOG00000021953	0
ENSGMOG00000022095	26
ENSGMOG00000020723	0
ENSGMOG00000020818	0
ENSGMOG00000021057	0
ENSGMOG00000020904	0
ENSGMOG00000021256	0
ENSGMOG00000020873	0
ENSGMOG00000020624	0
ENSGMOG00000020810	0
ENSGMOG00000021135	0
ENSGMOG00000021288	0
ENSGMOG00000021795	0
ENSGMOG00000022097	0
ENSGMOG00000020956	0
ENSGMOG00000021274	0
ENSGMOG00000020998	0
ENSGMOG00000021679	0
ENSGMOG00000021803	0
ENSGMOG00000022113	0
ENSGMOG00000021496	0
ENSGMOG00000020775	0
ENSGMOG00000021563	0
ENSGMOG00000021282	0
ENSGMOG00000021070	0
ENSGMOG00000021263	0
ENSGMOG00000020859	0
ENSGMOG00000022102	0
ENSGMOG00000020708	0
ENSGMOG00000021870	0
ENSGMOG00000020901	0
ENSGMOG00000020875	0
ENSGMOG00000021718	0
ENSGMOG00000021055	0
ENSGMOG00000021569	0
ENSGMOG00000021610	0
ENSGMOG00000022132	42
ENSGMOG00000021045	0
ENSGMOG00000020838	0
ENSGMOG00000021011	0
ENSGMOG00000020709	0
ENSGMOG00000021662	0
ENSGMOG00000021180	0
ENSGMOG00000021820	0
ENSGMOG00000021387	0
ENSGMOG00000021599	0
ENSGMOG00000021825	0
ENSGMOG00000021524	0
ENSGMOG00000020743	0
ENSGMOG00000021264	5
ENSGMOG00000021998	0
ENSGMOG00000020734	0
ENSGMOG00000020815	0
ENSGMOG00000021766	0
ENSGMOG00000021031	0
ENSGMOG00000020888	0
ENSGMOG00000021810	0
ENSGMOG00000022043	0
ENSGMOG00000020751	0
ENSGMOG00000020654	0
ENSGMOG00000021408	0
ENSGMOG00000020974	0
ENSGMOG00000021251	0
ENSGMOG00000021948	0
ENSGMOG00000021302	0
ENSGMOG00000020700	0
ENSGMOG00000021937	0
ENSGMOG00000021826	0
ENSGMOG00000021395	0
ENSGMOG00000022072	0
ENSGMOG00000022036	0
