# Position (bp)	A	C	G	T	N
0.0	29.506458563724873	28.41540022573621	15.271396486267713	26.806744724271205	0.0
1.0	28.610174050455576	30.86173467672341	15.227453573469916	25.300637699351093	0.0
2.0	27.64406835978602	32.66029439454185	15.143929912390488	24.551707333281648	0.0
3.0	28.380177191987084	32.21751843931393	15.092960328197966	24.309344040501028	0.0
4.0	27.45854432443005	29.983917588507598	14.59370177993176	27.962749657705434	0.0010866494251624541
5.0	29.173901719048445	32.50998437228685	14.173467615905539	24.14264629275916	0.0
6.0	27.439328547572057	32.311479320739984	14.938515257325033	25.310676874362926	0.0
7.0	28.858907672301694	31.487863025574335	13.535977459904638	26.11725184221933	0.0
8.0	28.893819677454267	30.891871414655263	14.05346899015045	26.160839917740013	0.0
9.0	28.736639404560993	32.758881820935564	15.081786317019343	23.4226924574841	0.0
10.0	28.680686268146516	29.85114991021397	14.865537309880791	26.602626511758725	0.0
11.0	28.483531218235687	31.157680745690868	14.671597569151581	25.687190466921862	0.0
12.0	28.448928393780143	30.75542291139514	14.55048768355717	26.24516101126754	0.0
13.0	28.433789658080844	30.823547222042	14.911654663811932	25.831008456065224	0.0
14.0	27.780661346482404	31.428015311749824	14.528860918272454	26.262462423495318	0.0
15.0	28.683578797119313	30.754341573130905	15.661022080927356	24.901057548822422	0.0
16.0	28.518134042691234	31.189039555353702	15.531261489219059	24.761564912736002	0.0
17.0	30.467786933108414	29.429702199442033	15.544237548389889	24.55827331905967	0.0
18.0	28.95823871623521	31.363135015895672	14.461817945889832	25.216808321979283	0.0
19.0	28.846860875018926	31.97949782651009	14.36666017863708	24.806981119833907	0.0
20.0	29.130171500248707	29.85899349034365	15.298773762408358	25.712061246999284	0.0
21.0	27.41084366011376	31.633469581954625	14.053072082008693	26.90261467592292	0.0
22.0	28.908497156080365	29.98334739073077	15.209022686476784	25.899132766712086	0.0
23.0	27.355695408637732	31.231211747658904	14.94842016479595	26.46251000237894	0.0021626765284716363
24.0	29.297778931205258	29.921711109669324	13.597828672765413	27.18268128636	0.0
25.0	29.43402755249897	31.65617768550358	13.482125478492183	25.427669283505267	0.0
26.0	28.380804083133288	31.610761478405674	15.173338523757002	24.835095914704038	0.0
27.0	28.217522005233675	31.26473323385021	14.968965591816433	25.548779169099678	0.0
28.0	28.33971322909232	31.665909729881704	12.68301650122191	27.311360539804063	0.0
29.0	27.554661649257124	31.99355522394515	13.753541382815374	26.698241743982354	0.0
30.0	28.564631588053373	32.16981336101559	14.236899586928784	25.02865546400225	0.0
31.0	29.550812085036444	30.322887605700817	13.813014987348343	26.313285321914403	0.0
32.0	28.483531218235687	31.465862150998074	13.625943467635546	26.424663163130692	0.0
33.0	29.283721533770198	30.008218170808192	14.662946863037696	26.04511343238392	0.0
34.0	28.135340297151757	30.82787257509894	15.306343130258007	25.7304439974913	0.0
35.0	27.871493760678216	31.812971733817776	14.016306581024676	26.299227924479336	0.0
36.0	25.94130495901728	32.39905707303359	15.809165423127663	25.850472544821475	0.0
37.0	27.83689093622267	30.932762386729816	15.27498432059517	25.955362356452344	0.0
38.0	27.392460909621747	32.867276541447694	14.354765457730487	25.385497091200072	0.0
39.0	26.61606003590043	32.880252600618526	14.246631631306904	26.257055732174138	0.0
40.0	28.563550249789138	32.300655290988125	13.954670299963235	25.1811241592595	0.0
41.0	26.94478686822812	33.50526611734683	14.320162633274942	25.22978438115011	0.0
42.0	28.45541642336556	31.06576699323082	15.204697333419839	25.27411924998378	0.0
43.0	29.694630074179805	32.04545946062847	13.266939163909255	24.99297130128247	0.0
44.0	28.864162287246696	31.54047449123035	14.084430891671532	25.51093232985143	0.0
45.0	29.31183632864032	31.16957546659746	13.822747031726465	25.69584117303575	0.0
46.0	28.0974934579035	32.52881766474188	14.045502714159044	25.32818616319557	0.0
47.0	27.34488202599537	31.525335755531046	14.172019291074633	26.95668158913471	0.0010813382642358182
48.0	27.012911178874976	31.350158956724844	13.889790004109084	27.7471398602911	0.0
49.0	27.378403512186683	32.36337291031381	13.982785094833366	26.275438482666146	0.0
50.0	27.48329332381756	32.24334436298363	14.828391617465774	25.444970695733037	0.0
51.0	26.97506433962672	32.12655983044616	14.70079370228595	26.197582127641166	0.0
52.0	28.45695500308198	31.776842970380542	13.196284320828783	26.569917705708697	0.0
53.0	27.23418522404041	34.581066611868785	14.042677453196484	24.142070710894323	0.0
54.0	27.77699654937424	32.69008188475559	13.660800242300994	25.872121323569182	0.0
55.0	28.276608408635894	32.500405822195766	14.191872734159409	25.03111303500893	0.0
56.0	28.010525061991746	31.14313867743717	15.353380039198274	25.492956221372804	0.0
57.0	28.85638441952435	31.50658215504632	14.058183000162522	25.578850425266808	0.0
58.0	28.36869406352969	31.305936470306772	14.619876681492435	25.70440531987777	0.001087464793327316
59.0	29.491967189775824	31.018584429380265	13.632231993253974	25.857216387589936	0.0
60.0	29.332950415870457	32.37935338495355	12.904686688831696	25.383009510344294	0.0
61.0	28.633112789672754	29.021388644046997	14.522409541767548	27.823089024512704	0.0
62.0	29.874220937584685	29.19903351097462	14.724279649534822	26.20246590190588	0.0
