# Position (bp)	A	C	G	T	N
0.0	27.584552945517153	28.056819579387533	17.06924117574714	27.289386299348173	0.0
1.0	27.414379402477536	30.646101530240465	16.916444012630556	25.023075054651443	0.0
2.0	25.59430810278105	30.68648895512343	17.723481479700983	25.99572146239454	0.0
3.0	26.616068781500147	31.49006818855618	18.317225022235398	23.576638007708272	0.0
4.0	25.82162946191672	29.90294925767385	17.875968443768354	26.39945283664108	0.0
5.0	27.60877754756075	30.935675268412133	16.555613109813525	24.8999340742136	0.0
6.0	26.81645033860045	30.872601580135438	17.614277652370202	24.696670428893906	0.0
7.0	27.180439201494554	29.797083739675006	17.133323150313128	25.889153908517315	0.0
8.0	26.147995116912387	29.741055498168844	17.11663066954644	24.67485209878862	2.319466616583717
9.0	28.159759703383862	30.34683437368001	17.76646172619327	23.722250903458956	0.004693293283897311
10.0	27.480701095755418	29.197071728571768	17.638846523850866	25.682207466153596	0.0011731856683638753
11.0	27.397260273972602	29.475511352974294	17.973587915181085	25.153640457872022	0.0
12.0	28.246387689998127	29.479029836742356	17.281619440795644	24.992963032463877	0.0
13.0	27.46411146556577	30.156924376055542	17.58420904484894	24.793582285607055	0.0011728279226871834
14.0	27.716269468943516	29.85550759992494	17.53846875586414	24.889754175267402	0.0
15.0	26.971523738037156	30.88876899981235	18.20580784387315	23.93389941827735	0.0
16.0	26.933993244511168	30.206183148808407	18.077969600300246	24.779508350534808	0.0023456558453743667
17.0	28.518483768061547	28.584162131732032	18.107290298367424	24.78889097391631	0.0011728279226871834
18.0	26.89294426721711	30.461859635954212	17.689763557890785	24.948395571401765	0.0070369675361231
19.0	26.568070932632764	31.223024957778193	17.13501595045975	25.063332707825108	0.01055545130418465
20.0	27.27645899793582	29.789829236254455	17.515012197410396	25.418699568399322	0.0
21.0	26.104803903171327	30.9204353537249	17.50914805779696	25.456230061925318	0.009382623381497467
22.0	27.108744604991557	29.38872208669544	18.19994370425971	25.299071120285234	0.00351848376806155
23.0	26.789735410020644	30.083036216926253	17.357853255770316	25.769375117282795	0.0
24.0	27.379667855132293	29.403968849690376	17.05878213548508	26.15758115969225	0.0
25.0	27.725652092325014	30.545130418465007	17.598282979921187	24.1309345092888	0.0
26.0	26.762760367798837	30.410255207355974	18.256239444548697	24.570744980296492	0.0
27.0	27.614233439669732	30.47945205479452	17.639331957215237	24.26698254832051	0.0
28.0	27.508678926627883	29.749953086883092	17.056436479639707	25.684931506849317	0.0
29.0	26.79442672171139	31.355554513041845	16.66002064177144	25.18999812347532	0.0
30.0	26.52467629949334	30.094764496153125	18.011118408707073	25.369440795646465	0.0
31.0	27.303434040157626	30.097110151998496	17.457543629198724	25.14191217864515	0.0
32.0	26.741649465190463	30.77148620754363	17.0388440607994	25.448020266466504	0.0
33.0	27.041893413398387	30.01032088571965	17.5513698630137	25.39641583786827	0.0
34.0	26.92343779320698	29.99272846687934	17.382482642146744	25.701351097766935	0.0
35.0	27.478185400638015	29.751125914805783	16.925079752298743	25.84560893225746	0.0
36.0	26.22795083505348	30.29297241508726	18.202289360105087	25.276787389754173	0.0
37.0	26.684180896978795	30.039641583786825	17.792972415087256	25.48320510414712	0.0
38.0	26.01097766935635	30.932163632951777	17.48803715518859	25.568821542503283	0.0
39.0	26.42029461437418	31.72030399699756	16.302308125351846	25.557093263276414	0.0
40.0	27.031337962094206	30.852411334209044	16.49699756051792	25.616907487333457	0.0023456558453743667
41.0	26.184556201914056	31.149136798648904	16.957918934133982	25.695486958153502	0.012901107149559016
42.0	27.230718708951024	29.461437417902047	17.422358791518107	25.883139425783448	0.0023456558453743667
43.0	27.305779696003	30.44544004503659	17.271063989491463	24.968333646087444	0.009382623381497467
44.0	26.778007130793767	31.590120097579284	16.462985550759992	25.160677425408146	0.008209795458810282
45.0	27.93910677425408	29.6760649277538	17.095139801088386	25.28851566898105	0.0011728279226871834
46.0	26.90701820228936	31.001360480390318	17.484518671420528	24.60475699005442	0.0023456558453743667
47.0	26.867142052918	30.481797710639896	16.549774817038845	26.101285419403265	0.0
48.0	27.21547194595609	29.41452430099456	16.731563145055357	26.638440607993996	0.0
49.0	26.498874085194217	30.212047288421847	17.70852880465378	25.579376993807468	0.0011728279226871834
50.0	26.821401763933196	30.604944642522046	17.219459560893224	25.354194032651527	0.0
51.0	26.043816851191593	30.58735222368174	17.748404954025148	25.61925314317883	0.0011728279226871834
52.0	26.9995073082608	30.511695563428198	16.45355793820238	26.03289303896957	0.0023461511390563783
53.0	25.69099014547161	32.095260441107456	17.503519474425154	24.70788362271234	0.002346316283435007
54.0	25.88913546326629	31.05428158793899	16.062559442037408	24.713797597661067	2.280225909096246
55.0	26.896057516094167	31.011230675250225	16.8648089845402	25.227902824115407	0.0
56.0	26.12737714178121	30.163810958388247	17.93682922236867	25.77080587459989	0.0011768028619845603
57.0	26.85537331182517	30.90817035406045	17.250880146946272	24.985576187168103	0.0
58.0	26.14203001299775	30.79995273543661	17.60723147819922	25.45078577336642	0.0
59.0	27.430208779188664	30.465591858087222	16.864031958909973	25.240167403814144	0.0
60.0	27.078847902014257	31.08822544375867	16.817377158987608	25.015549495239465	0.0
61.0	27.72608228634877	28.150910605018286	17.84399628275221	26.279010825880732	0.0
62.0	29.05780853967635	28.134139208422692	17.816582179762136	24.991470072138817	0.0
