# Position (bp)	A	C	G	T	N
0.0	27.487711232300505	28.399892396859943	16.322662688611185	27.789733682228363	0.0
1.0	27.252553758577857	31.00329244907558	16.382647707948912	25.36150608439765	0.0
2.0	25.595380136495965	31.199589557581252	17.497494392211138	25.707535913711638	0.0
3.0	26.738144329896908	31.83740795287187	17.56701030927835	23.857437407952872	0.0
4.0	26.205111993162156	30.30782020209116	17.237462971419205	26.249604833327478	0.0
5.0	27.780309137429466	31.036416529389086	16.037526433236362	25.145747899945086	0.0
6.0	26.931783705570727	31.298280006534572	17.070410044575134	24.698359354944106	0.0011668883754580037
7.0	27.412582518836455	29.984370990692575	16.50493363502764	26.09811285544333	0.0
8.0	26.252374238204553	29.649137117354368	17.114324667606652	24.616334758847312	2.3678292179871123
9.0	28.105313413370286	30.736984291486664	17.084900497222772	24.070472885638765	0.0023289122815189165
10.0	27.73114135686758	29.327387674789552	16.69363946489073	26.243174329658046	0.00465717379408306
11.0	27.704393366307826	29.834157695664825	17.39656677334885	25.06371835903404	0.0011638056444573757
12.0	28.245562990980506	29.4908350305499	16.773930753564155	25.489671224905443	0.0
13.0	27.251672970613903	30.769857433808557	17.048588885656095	24.92988070992144	0.0
14.0	27.78004073319756	30.109979633401224	17.06837358161187	25.04160605178935	0.0
15.0	27.31684608670352	30.51149258073902	17.912132673843466	24.259528658713993	0.0
16.0	27.33546697701484	30.489380273494326	17.173116089613035	25.000872854233343	0.0011638056444573757
17.0	28.63427407622927	28.88332848414315	17.37910968868199	25.10328775094559	0.0
18.0	27.274949083503053	30.832702938609252	17.00320046552226	24.883328484143146	0.0058190282222868785
19.0	26.9979633401222	31.838231015420426	16.330520803025895	24.82513820192028	0.008146639511201629
20.0	27.6531859179517	30.059935990689556	16.964794879255166	25.32091940645912	0.0011638056444573757
21.0	26.52429444282805	31.324992726214724	16.424789060226942	25.718940936863543	0.006982833866744254
22.0	27.120162932790226	29.635146930462614	17.532732033750364	25.709630491707884	0.0023276112889147513
23.0	26.474250800116376	30.321792260692465	17.331393657259238	25.872563281931914	0.0
24.0	27.390165842304338	29.745708466686064	16.725050916496944	26.139074774512654	0.0
25.0	27.816118708175736	31.15973232470177	16.73668897294152	24.28745999418097	0.0
26.0	27.336630782659295	30.23101542042479	17.646784986907186	24.78556881000873	0.0
27.0	27.6368926389293	30.263601978469595	17.63631073610707	24.463194646494035	0.0
28.0	27.527494908350302	30.091358743089902	16.580739016584232	25.80040733197556	0.0
29.0	26.831539132964792	31.740471341286003	16.059354087867327	25.368635437881874	0.0
30.0	26.801280186208903	30.290369508292116	17.12656386383474	25.781786441664238	0.0
31.0	27.640384055862672	30.21123072446901	16.663369217340705	25.485016002327608	0.0
32.0	26.95373872563282	31.067791678789643	16.338667442537098	25.639802153040442	0.0
33.0	27.31684608670352	30.10765202211231	17.017166133255746	25.558335757928425	0.0
34.0	27.475123654349726	29.752691300552808	16.954320628455047	25.817864416642422	0.0
35.0	27.788187372708755	30.02269421006692	16.324701774803607	25.864416642420718	0.0
36.0	26.38580157113762	30.743089903986032	17.766656968286295	25.104451556590053	0.0
37.0	27.046843177189412	30.399767238871107	17.296479487925517	25.256910096013968	0.0
38.0	26.270584812336338	31.17020657550189	16.67384346814082	25.88536514402095	0.0
39.0	26.63369217340704	31.586848996217633	15.875472796043061	25.903986034332267	0.0
40.0	27.208612161768986	31.030549898167003	16.08495781204539	25.673552516729707	0.0023276112889147513
41.0	26.340413151003784	31.881291824265347	16.228105906313644	25.545533895839394	0.004655222577829503
42.0	27.311027058481237	29.46639511201629	16.93686354378819	26.285714285714285	0.0
43.0	27.797497817864414	30.732615653185917	16.784405004364274	24.681990107652023	0.003491416933372127
44.0	26.818737270875765	31.462321792260695	16.10125109106779	25.61536223450684	0.0023276112889147513
45.0	27.915042187954615	29.87605469886529	16.54931626418388	25.658423043351757	0.0011638056444573757
46.0	27.270293860925225	31.18417224323538	16.84725050916497	24.698283386674426	0.0
47.0	27.263311027058478	30.359034041315102	16.41664242071574	25.96101251091068	0.0
48.0	27.358743089903985	29.394239162059936	16.344486470759385	26.902531277276694	0.0
49.0	26.668606342740762	30.66045970322956	16.890311318009893	25.780622636019785	0.0
50.0	27.174861798079718	30.768693628164094	17.04742508001164	25.009019493744546	0.0
51.0	26.108815827756764	30.88972941518766	17.515274949083505	25.48617980797207	0.0
52.0	27.259711082915246	30.97302897319194	15.58429464420827	26.180637200693774	0.0023280989907690872
53.0	25.762585572579518	32.62469147301262	16.75243328831556	24.85679690774461	0.003492758347692451
54.0	25.79780414461876	31.37019510944311	15.559803258817222	24.938809762465326	2.3333877246555867
55.0	27.25703555975415	31.343666538376308	16.18907665931913	25.207888690621978	0.0023325519284373066
56.0	26.406122210538612	30.271059703236357	17.593176772987498	25.72964131323753	0.0
57.0	27.28378172974616	30.958644638535198	16.526944707519263	25.230628924199376	0.0
58.0	26.55083352899742	30.950927447757692	16.906550833528996	25.591688189715896	0.0
59.0	27.692198648584792	30.685630581675564	16.444974720030242	25.177196049709398	0.0
60.0	26.975256530682618	31.31279502514774	16.139733422113363	25.572215022056287	0.0
61.0	27.894503173784184	28.397268985708973	17.443213861457423	26.265013979049424	0.0
62.0	29.144076944535406	28.57402758068624	17.185169013572025	25.09672646120632	0.0
